0.999986 -0.00470231 0.00241409 -0.00586939 0.00471863 0.999966 -0.00680033 0.00468365 -0.00238203 0.00681162 0.999974 0.0169484
0.999995 -0.000451313 0.003236 0.491721 0.000426609 0.999971 0.00763076 -0.00837915 -0.00323935 -0.00762934 0.999966 -0.00420314
0.999942 0.000181497 0.0107832 1.03928 -0.000224781 0.999992 0.00401298 -0.0085275 -0.0107824 -0.00401517 0.999934 -0.00105218
0.998818 -0.0386387 0.0294965 1.62721 0.0384734 0.999241 0.00615098 0.0177348 -0.0297118 -0.00500888 0.999546 0.01417
0.998649 -0.0425641 0.029807 2.18502 0.0426638 0.999086 -0.00271805 0.021806 -0.0296641 0.00398606 0.999552 0.0185054
0.994585 -0.0998821 0.0287241 2.71418 0.0994691 0.99492 0.0154673 0.117768 -0.0301231 -0.0125264 0.999468 0.00940375
0.999415 0.00195962 0.034157 3.08936 -0.00332911 0.999191 0.0400834 0.160481 -0.0340508 -0.0401736 0.998612 0.0105325
0.999786 -0.00497579 0.0200709 3.59115 0.00457468 0.99979 0.0199816 0.135162 -0.0201661 -0.0198855 0.999599 0.0106747
0.999829 -0.00301228 0.0182703 4.18725 0.00278577 0.999919 0.0124105 0.146569 -0.0183062 -0.0123575 0.999756 0.00246716
0.999729 0.00368856 0.0229844 4.715 -0.00386232 0.999964 0.00752008 0.151189 -0.0229558 -0.00760681 0.999708 0.0104904
0.999578 -0.0134363 0.0257582 5.28607 0.0130993 0.999827 0.013209 0.153275 -0.0259313 -0.012866 0.999581 0.0157645
0.99934 -0.0222317 0.0287151 5.82456 0.022083 0.999741 0.00548327 0.163599 -0.0288296 -0.00484553 0.999573 0.0129821
0.99914 -0.0223555 0.0349198 6.4558 0.0230504 0.999542 -0.0196252 0.128656 -0.034465 0.0204133 0.999197 0.0321062
0.998246 -0.0457093 0.0376346 7.01771 0.0467707 0.998518 -0.0278198 0.156753 -0.0363072 0.0295311 0.998904 0.0330469
0.998159 -0.0525459 0.0302848 7.61427 0.0528543 0.998557 -0.00947429 0.221474 -0.0297433 0.0110575 0.999496 0.0353388
0.997973 -0.060065 0.0210404 8.23738 0.0598622 0.998155 0.0101428 0.271159 -0.0216108 -0.0088627 0.999727 0.0366061
0.99696 -0.0705615 0.0330459 8.73677 0.0701466 0.997445 0.0135527 0.311587 -0.0339177 -0.0111934 0.999362 0.0466065
0.997747 -0.0638022 0.0207237 9.28986 0.0635984 0.997922 0.0103477 0.343931 -0.0213408 -0.00900637 0.999732 0.0439383
0.998071 -0.0570568 0.0244838 9.85552 0.056817 0.998331 0.0103818 0.381814 -0.0250353 -0.00897067 0.999646 0.0473965
0.997292 -0.0696789 0.0235348 10.4138 0.0692642 0.997436 0.0180037 0.446277 -0.0247289 -0.0163248 0.999561 0.0542901
0.997956 -0.0580923 0.0266376 10.9302 0.0577118 0.998223 0.0148399 0.46354 -0.0274524 -0.0132722 0.999535 0.048331
0.998403 -0.0489464 0.0282074 11.4943 0.0487727 0.998787 0.00681551 0.490442 -0.0285068 -0.00542888 0.999579 0.060973
0.998296 -0.0498085 0.0303977 12.1481 0.0495475 0.998729 0.00928061 0.5585 -0.0308213 -0.00775867 0.999495 0.0466115
0.997594 -0.0645776 0.0252265 12.6558 0.0642022 0.997818 0.0154211 0.598804 -0.0261673 -0.0137644 0.999563 0.0513843
0.997356 -0.0658794 0.0306854 13.2008 0.0650199 0.997485 0.0282145 0.628709 -0.032467 -0.0261448 0.999131 0.0650192
0.998286 -0.0529848 0.0248607 13.7012 0.0528379 0.998582 0.00652933 0.638468 -0.0251713 -0.00520456 0.99967 0.0628907
0.998647 -0.049664 0.0154113 14.2768 0.0496824 0.998765 -0.000816939 0.658131 -0.0153517 0.00158151 0.999881 0.0573239
0.998096 -0.0565691 0.0245795 14.9239 0.0565432 0.998399 0.00174739 0.686482 -0.024639 -0.00035426 0.999696 0.0603785
0.998615 -0.0438324 0.0291096 15.4994 0.0436066 0.999014 0.0083466 0.721707 -0.0294468 -0.00706567 0.999541 0.0654898
0.998431 -0.0509361 0.0232743 16.1096 0.0506858 0.998652 0.0112209 0.763733 -0.0238145 -0.0100236 0.999666 0.0624749
0.997495 -0.0645103 0.029008 16.7745 0.0641694 0.99786 0.0125344 0.796482 -0.0297546 -0.0106416 0.999501 0.0722005
0.99843 -0.0452176 0.0330516 17.3404 0.0451033 0.998974 0.00419602 0.802766 -0.0332074 -0.0026987 0.999445 0.0828058
0.998543 -0.0514965 0.016136 17.8938 0.0515845 0.998656 -0.00508549 0.81823 -0.0158524 0.00591045 0.999857 0.0829844
0.997871 -0.0615414 0.0216014 18.5461 0.0612505 0.998026 0.0138763 0.868084 -0.0224127 -0.0125236 0.99967 0.0760407
0.99828 -0.0529236 0.0252218 19.1807 0.052607 0.99853 0.0130552 0.897394 -0.0258756 -0.0117059 0.999597 0.0903776
0.998577 -0.0496572 0.0194406 19.7777 0.0493276 0.998637 0.0170856 0.942403 -0.0202625 -0.0161023 0.999665 0.0816478
0.997359 -0.0666667 0.0288105 20.2944 0.0663622 0.99773 0.0113986 0.964045 -0.029505 -0.00945655 0.99952 0.0961234
0.998629 -0.0421701 0.0310274 20.8285 0.0424855 0.999051 -0.0095751 0.951575 -0.0305942 0.0108802 0.999473 0.0934792
0.999795 -0.0132068 0.0153419 21.4264 0.0129169 0.999739 0.0188453 0.991612 -0.0155867 -0.0186433 0.999705 0.0833063
0.999631 -0.00448116 0.0268098 21.9301 0.00387205 0.999734 0.0227286 1.0097 -0.0269045 -0.0226164 0.999382 0.109019
0.999929 0.00604165 0.0102281 22.4863 -0.00624388 0.999783 0.0198565 0.996216 -0.0101059 -0.019919 0.999751 0.113231
0.99982 0.00889502 0.0167606 23.0241 -0.00896629 0.999951 0.00418239 0.990974 -0.0167225 -0.00433192 0.999851 0.124372
0.999833 0.00109122 0.0182194 23.645 -0.00147141 0.999781 0.0208669 1.00392 -0.0181927 -0.0208902 0.999616 0.134758
0.999597 -0.0235884 0.0157703 24.2155 0.0233899 0.999646 0.0126517 1.01336 -0.0160631 -0.0122777 0.999796 0.126689
0.999689 -0.0111921 0.0222648 24.7813 0.011224 0.999936 -0.00131006 0.999441 -0.0222488 0.00155955 0.999751 0.137852
0.999604 -0.0189139 0.0208592 25.3962 0.0185338 0.999661 0.0182699 1.02932 -0.0211977 -0.017876 0.999615 0.139429
0.999431 -0.0256763 0.0218873 26.0261 0.0254372 0.999614 0.0111309 1.04793 -0.0221647 -0.0105679 0.999698 0.134929
0.999568 -0.00468266 0.0290228 26.578 0.00444211 0.999955 0.00834733 1.04172 -0.0290606 -0.0082148 0.999544 0.140404
0.999507 -0.0231118 0.0212333 27.1374 0.022766 0.999607 0.016385 1.07071 -0.0216036 -0.0158935 0.99964 0.138912
0.999332 -0.0249347 0.026703 27.777 0.0250358 0.999681 -0.00345831 1.05965 -0.0266082 0.00412454 0.999637 0.14042
0.999743 -0.00427186 0.0222425 28.4152 0.00432265 0.999988 -0.00223604 1.04475 -0.0222327 0.00233162 0.99975 0.149584
0.998805 -0.0467634 0.0142333 29.0195 0.0466312 0.998867 0.00948688 1.06539 -0.0146608 -0.00881183 0.999854 0.155295
0.998277 -0.0547016 0.0212278 29.5663 0.0546807 0.998503 0.00156472 1.07565 -0.0212816 -0.000401278 0.999773 0.150508
0.998756 -0.0448657 0.0217722 30.0734 0.0452038 0.998861 -0.0152946 1.0814 -0.0210612 0.0162597 0.999646 0.168074
0.998868 -0.0463685 0.0106367 30.6842 0.046346 0.998923 0.0023471 1.1102 -0.010734 -0.00185148 0.999941 0.16913
0.998251 -0.0548276 0.0221101 31.3073 0.054645 0.998467 0.00878048 1.17647 -0.0225577 -0.00755692 0.999717 0.168769
0.9985 -0.0450895 0.0310437 31.8939 0.0444928 0.998816 0.0196505 1.19872 -0.031893 -0.0182398 0.999325 0.185872
0.99976 -0.00729633 0.0206504 32.4584 0.00688354 0.999776 0.0199903 1.22888 -0.0207916 -0.0198434 0.999587 0.183555
0.99988 -0.00465981 0.0147652 32.971 0.00439383 0.999828 0.017996 1.22378 -0.0148465 -0.0179289 0.999729 0.192618
0.999964 -0.00648953 0.00543642 33.5625 0.00640129 0.99985 0.0160937 1.24441 -0.00554004 -0.0160583 0.999856 0.185453
0.99976 -0.0142105 0.0166688 34.0847 0.0139466 0.999777 0.0158423 1.25092 -0.0168902 -0.015606 0.999736 0.178058
0.999726 -0.0131608 0.0193582 34.6596 0.012875 0.999807 0.0148164 1.24747 -0.0195495 -0.0145631 0.999703 0.193063
0.999689 -0.00041467 0.024946 35.314 -0.00031537 0.999572 0.0292538 1.26777 -0.0249474 -0.0292525 0.999261 0.184536
0.999379 -0.0225002 0.0271077 35.9771 0.0221846 0.999683 0.0118883 1.27542 -0.0273666 -0.0112795 0.999562 0.187141
0.998666 -0.0273019 0.0438263 36.5284 0.026861 0.999583 0.0106175 1.28972 -0.0440979 -0.00942609 0.998983 0.19605
0.998472 -0.0348733 0.0428684 37.1528 0.0347069 0.999387 0.00462135 1.30149 -0.0430033 -0.00312646 0.99907 0.172014
0.99813 -0.0527896 0.0308198 37.6798 0.0523576 0.998521 0.0146604 1.35316 -0.0315481 -0.0130193 0.999417 0.164122
0.998088 -0.051865 0.0336143 38.2611 0.0512442 0.998504 0.019073 1.3891 -0.0345532 -0.017314 0.999253 0.156347
0.998656 -0.0410252 0.0316795 38.9208 0.0403762 0.998967 0.02086 1.42538 -0.0325025 -0.0195529 0.99928 0.157792
0.998187 -0.0509534 0.0320479 39.5204 0.0502433 0.998482 0.022588 1.51 -0.0331502 -0.0209369 0.999231 0.143549
0.997528 -0.0589596 0.0382388 40.1663 0.0582932 0.998131 0.0183155 1.51463 -0.0392472 -0.0160411 0.999101 0.157456
0.998278 -0.0374634 0.0451458 40.742 0.0369713 0.999248 0.0116848 1.53602 -0.0455496 -0.00999554 0.998912 0.152509
0.997712 -0.0572457 0.0359793 41.2414 0.0568978 0.998324 0.0106203 1.54624 -0.0365269 -0.00854887 0.999296 0.159308
0.997462 -0.0620821 0.0348524 41.7941 0.0611127 0.997732 0.0282248 1.60256 -0.0365256 -0.0260233 0.998994 0.13256
0.998185 -0.0464533 0.038325 42.3281 0.0457877 0.998788 0.0180659 1.6219 -0.0391178 -0.0162782 0.999102 0.122576
0.999405 -0.0116973 0.0324421 42.834 0.011052 0.999739 0.0199997 1.6372 -0.0326676 -0.0196293 0.999273 0.112492
0.999424 -0.0103074 0.0323352 43.3549 0.00972882 0.999791 0.017999 1.65352 -0.0325139 -0.017674 0.999315 0.124161
0.999131 -0.0228443 0.0348543 43.8987 0.0219607 0.999433 0.0255283 1.65799 -0.0354177 -0.0247407 0.999066 0.1137
0.999653 -0.0158423 0.0210483 44.4034 0.0151776 0.999392 0.0313739 1.68469 -0.0215325 -0.0310435 0.999286 0.113481
0.999736 -0.0123862 0.0193727 44.9657 0.0121515 0.999852 0.0121855 1.66946 -0.0195207 -0.0119469 0.999738 0.10845
0.999856 -0.00996433 0.0137408 45.5537 0.00985186 0.999918 0.00822849 1.65981 -0.0138217 -0.00809193 0.999872 0.100614
0.999295 -0.0297014 0.0229746 46.1903 0.0295499 0.999539 0.00690455 1.67892 -0.0231691 -0.00622078 0.999712 0.115586
0.998808 -0.0393733 0.0288511 46.7927 0.0388164 0.999054 0.0196159 1.71457 -0.0295961 -0.0184727 0.999391 0.122746
0.998813 -0.0415759 0.0253833 47.3378 0.0412625 0.999067 0.0127474 1.73417 -0.0258896 -0.0116849 0.999597 0.103434
0.998153 -0.0511592 0.0327645 47.9765 0.0502002 0.998305 0.029452 1.77002 -0.0342157 -0.0277528 0.999029 0.102594
0.998911 -0.0398096 0.0243199 48.5693 0.0390212 0.998723 0.0320761 1.80159 -0.0255658 -0.0310922 0.99919 0.113781
0.998769 -0.0410607 0.0278228 49.158 0.0405676 0.999014 0.0180618 1.81114 -0.028537 -0.0169108 0.99945 0.0917402
0.998454 -0.0472361 0.0293147 49.7973 0.0468717 0.998816 0.0129981 1.83236 -0.029894 -0.011604 0.999486 0.0949419
0.999059 -0.0307268 0.0305974 50.3358 0.0305526 0.999514 0.00614586 1.85463 -0.0307714 -0.00520525 0.999513 0.0954295
0.998736 -0.0279472 0.0417732 50.91 0.0277769 0.999603 0.00465321 1.87246 -0.0418867 -0.003487 0.999116 0.0968727
0.998626 -0.0385597 0.0354966 51.4484 0.03843 0.999252 0.00432966 1.89242 -0.035637 -0.00295958 0.99936 0.0977917
0.998929 -0.0419916 0.0194252 51.9878 0.0417279 0.999034 0.0137874 1.90781 -0.0199853 -0.0129621 0.999716 0.0822619
0.999005 -0.0419933 0.0150207 52.4993 0.041782 0.999027 0.0141184 1.9361 -0.0155989 -0.0134768 0.999788 0.063597
0.999008 -0.0417964 0.01537 53.0321 0.0412625 0.998585 0.0335491 1.99479 -0.0167505 -0.0328817 0.999319 0.0774318
0.999101 -0.0391974 0.0161394 53.5683 0.038813 0.998971 0.023476 2.01775 -0.017043 -0.0228285 0.999594 0.0750946
0.999109 -0.0397209 0.0142512 54.1303 0.0391978 0.998608 0.0352792 2.07235 -0.0156327 -0.0346892 0.999276 0.0740412
0.999147 -0.0378474 0.0165412 54.7348 0.0376348 0.999207 0.0129818 2.08042 -0.0170194 -0.0123482 0.999779 0.0542128
0.999282 -0.0343115 0.0160832 55.2515 0.0340224 0.999261 0.0179135 2.08421 -0.016686 -0.0173534 0.99971 0.0586425
0.998987 -0.0402682 0.0201031 55.7911 0.0400851 0.999152 0.00943131 2.11256 -0.0204659 -0.00861592 0.999753 0.0632243
0.998903 -0.0417958 0.0211359 56.38 0.0411529 0.998703 0.0299889 2.1554 -0.0223619 -0.0290862 0.999327 0.068957
0.998765 -0.0453745 0.0202464 56.888 0.0450172 0.998828 0.0177706 2.16835 -0.021029 -0.0168372 0.999637 0.0655873
0.999152 -0.0383334 0.0150271 57.4861 0.0382105 0.999235 0.00837668 2.17113 -0.0153367 -0.00779538 0.999852 0.060244
0.998919 -0.0416695 0.0206155 58.0573 0.0414146 0.999062 0.0126364 2.19762 -0.0211227 -0.0117689 0.999708 0.0562177
0.998875 -0.0427249 0.0205852 58.559 0.0422381 0.99883 0.0235326 2.23384 -0.0215665 -0.0226366 0.999511 0.0459841
0.998759 -0.0414064 0.0276742 59.1347 0.0412842 0.999135 0.00497201 2.23236 -0.0278561 -0.00382333 0.999605 0.03683
0.998874 -0.0420865 0.0218826 59.709 0.0416185 0.998904 0.0214159 2.28431 -0.0227599 -0.0204811 0.999531 0.0432242
0.998977 -0.038265 0.0241013 60.2869 0.0379612 0.999195 0.0129418 2.28881 -0.0245771 -0.0120137 0.999626 0.0524819
0.999093 -0.0279786 0.032111 60.7941 0.0278275 0.9996 0.0051408 2.28917 -0.032242 -0.00424256 0.999471 0.0521674
0.999041 -0.0327755 0.0290191 61.377 0.0328681 0.999456 -0.00271852 2.31121 -0.0289142 0.00366972 0.999575 0.0493474
0.999033 -0.0359862 0.0252521 61.8817 0.03556 0.999221 0.0171287 2.35376 -0.0258488 -0.0162141 0.999534 0.0397423
0.999092 -0.0406281 0.0128262 62.4033 0.0402942 0.998867 0.0253014 2.37547 -0.0138396 -0.0247616 0.999598 0.0412896
0.99916 -0.0378799 0.0156378 62.9847 0.0373211 0.998704 0.0345992 2.42141 -0.0169281 -0.0339865 0.999279 0.0208747
0.999147 -0.0377838 0.0166884 63.5014 0.0377848 0.999286 0.000256002 2.40686 -0.0166862 0.000374785 0.999861 0.0277774
0.999026 -0.0409294 0.016512 64.0161 0.0408367 0.999148 0.00591036 2.42069 -0.0167399 -0.00523031 0.999846 0.031235
0.999195 -0.0400862 0.00144482 64.5616 0.0400603 0.999086 0.0148888 2.44091 -0.00204033 -0.0148189 0.999888 0.014581
0.99927 -0.0364102 0.011563 65.1228 0.0360297 0.998852 0.0315708 2.50529 -0.0126993 -0.0311312 0.999435 0.0258798
0.99907 -0.0417415 0.0108432 65.6249 0.0414842 0.998875 0.0229539 2.5068 -0.0117891 -0.0224827 0.999678 0.0216993
0.999011 -0.0418954 0.0148754 66.1802 0.041675 0.999021 0.01483 2.52578 -0.0154821 -0.0141954 0.999779 0.0142579
0.999224 -0.036656 0.0144212 66.7362 0.036323 0.999082 0.0227101 2.56194 -0.0152404 -0.0221686 0.999638 0.0297003
0.999286 -0.0342759 0.0158732 67.3054 0.0340211 0.999292 0.016053 2.55617 -0.0164122 -0.0155016 0.999745 0.0339918
0.998964 -0.0358822 0.0280058 67.8523 0.0356707 0.999331 0.00801539 2.57023 -0.0282746 -0.0070081 0.999576 0.0263059
0.999216 -0.032145 0.0231181 68.4153 0.0318154 0.999389 0.0144869 2.5857 -0.0235696 -0.0137401 0.999628 0.021334
0.999241 -0.0300812 0.0247667 68.9868 0.0299051 0.999525 0.0074503 2.59113 -0.024979 -0.00670399 0.999665 0.0240742
0.999311 -0.0261939 0.0263068 69.5518 0.0260931 0.999651 0.00416838 2.60604 -0.0264068 -0.00347908 0.999645 0.0339882
0.999218 -0.0279863 0.0279229 70.0679 0.0277889 0.999586 0.00743337 2.60414 -0.0281193 -0.00665161 0.999582 0.027153
0.99936 -0.0316194 0.0167471 70.58 0.031465 0.999461 0.0094006 2.62901 -0.0170353 -0.00886764 0.999816 0.0395394
0.999818 0.00966881 0.0164535 71.1038 -0.0100978 0.999606 0.0261904 2.63102 -0.0161938 -0.0263518 0.999522 0.0177397
0.999803 0.0123848 0.0155053 71.6241 -0.012528 0.999879 0.00917258 2.60091 -0.0153898 -0.00936502 0.999838 0.028018
0.999737 0.0135127 0.0185496 72.1547 -0.0138532 0.999736 0.018356 2.59152 -0.0182966 -0.0186081 0.999659 0.0232424
0.99987 -0.00942888 0.0131064 72.7138 0.0093597 0.999942 0.00532959 2.57001 -0.0131558 -0.00520622 0.9999 0.0240344
0.999756 -0.01914 0.0109991 73.2223 0.0190008 0.99974 0.0126174 2.60415 -0.0112377 -0.0124054 0.99986 0.0277061
0.99936 -0.0248026 0.0257586 73.7377 0.0245967 0.999663 0.00828137 2.59505 -0.0259554 -0.0076425 0.999634 0.0233261
0.999675 0.015942 0.0199154 74.2644 -0.0163324 0.999675 0.0195927 2.60413 -0.0195966 -0.0199115 0.99961 0.0350913
0.983435 0.179954 0.021709 74.4298 -0.180571 0.983076 0.0309062 2.5293 -0.0157799 -0.0343142 0.999287 0.0314177
0.970264 0.241982 0.00571171 74.9163 -0.242019 0.970246 0.00706157 2.38813 -0.00383299 -0.00823393 0.999959 0.0266133
0.976088 0.217133 0.0102928 75.4963 -0.217305 0.975887 0.0205866 2.2607 -0.00557461 -0.022331 0.999735 0.020983
0.978114 0.207932 0.00763069 76.0488 -0.207815 0.978071 -0.0137968 2.11335 -0.0103322 0.0119091 0.999876 0.0542292
0.978267 0.20725 0.00640541 76.5927 -0.207242 0.978288 -0.00182068 1.97334 -0.00664367 0.000453641 0.999978 0.0527363
0.979847 0.199659 0.00598355 77.1338 -0.199555 0.979776 -0.0147242 1.85498 -0.00880235 0.0132334 0.999874 0.0696847
0.979786 0.198946 0.0209548 77.7082 -0.199353 0.979733 0.0195447 1.78131 -0.0166418 -0.023327 0.999589 0.070061
0.955911 0.293207 0.0162329 78.2093 -0.29349 0.955767 0.0192914 1.61518 -0.00985846 -0.0232051 0.999682 0.0811882
0.953905 0.299707 0.0155158 78.7472 -0.299721 0.954026 -0.00147521 1.41616 -0.0152446 -0.00324319 0.999879 0.0847922
0.93995 0.340922 0.0163355 79.2292 -0.340991 0.940065 0.00153879 1.23851 -0.0148318 -0.00701664 0.999865 0.0855629
0.938449 0.344773 0.0210835 79.6912 -0.34477 0.938679 -0.00387617 1.04166 -0.021127 -0.00363136 0.99977 0.10209
0.936833 0.349271 0.0188327 80.16 -0.34898 0.936974 -0.0170907 0.829057 -0.023615 0.00943887 0.999677 0.0920363
0.86761 0.496695 0.0234019 80.393 -0.496488 0.867925 -0.0143587 0.677122 -0.027443 0.000839015 0.999623 0.102195
0.792485 0.609768 0.0122471 80.648 -0.609861 0.792486 0.0060081 0.485308 -0.00604207 -0.0122303 0.999907 0.119256
0.728175 0.684988 -0.0235047 80.7437 -0.68524 0.728306 -0.00397839 0.264526 0.0143935 0.0190034 0.999716 0.12536
0.63889 0.768827 -0.0269349 80.9424 -0.769226 0.638918 -0.00866062 -0.0332176 0.0105507 0.0262522 0.9996 0.119769
0.542201 0.840043 -0.0186196 81.2099 -0.840248 0.542041 -0.0131968 -0.489875 -0.000993257 0.0228004 0.99974 0.119267
0.396329 0.918107 -0.00152824 81.316 -0.918087 0.396308 -0.00750322 -0.734051 -0.00628311 0.0043768 0.999971 0.134082
0.399754 0.916139 -0.0297637 81.474 -0.916594 0.399784 -0.0051934 -1.26662 0.00714118 0.0293573 0.999543 0.151592
0.398258 0.915822 -0.0515752 81.6137 -0.917082 0.398695 -0.00197393 -1.74639 0.018755 0.0480848 0.998667 0.189827
0.343716 0.93737 -0.0565477 81.7426 -0.939038 0.343602 -0.0120348 -2.24766 0.00814883 0.057237 0.998327 0.189519
0.262408 0.962221 -0.0726154 81.7324 -0.964619 0.263563 0.00663309 -2.4599 0.0255212 0.0683056 0.997338 0.219819
0.14892 0.987863 -0.0441504 81.774 -0.988699 0.149527 0.0107754 -2.78493 0.0172463 0.0420468 0.998967 0.225357
0.103837 0.993206 -0.0525312 81.7693 -0.994091 0.105319 0.026284 -3.27796 0.031638 0.0494916 0.998273 0.264659
0.0202333 0.998669 -0.0474408 81.7313 -0.99902 0.0220631 0.0383693 -3.53138 0.039365 0.046618 0.998137 0.264356
0.0105008 0.998868 -0.0464025 81.7202 -0.998485 0.0129807 0.0534693 -3.87255 0.0540111 0.0457707 0.997491 0.287639
0.008612 0.999436 -0.0324525 81.6868 -0.999254 0.00982357 0.0373609 -4.36317 0.0376586 0.0321065 0.998775 0.29844
0.0172854 0.999673 -0.0188614 81.7231 -0.999727 0.017577 0.0154075 -4.8844 0.015734 0.0185899 0.999703 0.32382
0.0131 0.99943 -0.0311297 81.6982 -0.99971 0.01372 0.0197883 -5.43112 0.0202041 0.0308614 0.999319 0.327069
0.0142038 0.999474 -0.0291643 81.7024 -0.999713 0.0147572 0.0188477 -6.00672 0.0192682 0.0288883 0.999397 0.334279
0.0156192 0.999425 -0.0300816 81.7063 -0.999785 0.016022 0.0131981 -6.511 0.0136725 0.0298689 0.99946 0.334441
0.021334 0.999236 -0.0327395 81.7147 -0.999731 0.0216208 0.00843336 -7.0655 0.00913477 0.0325507 0.999428 0.36649
0.0193311 0.999733 -0.0126303 81.753 -0.999812 0.0193493 0.00132107 -7.5727 0.00156511 0.0126024 0.999919 0.386663
0.00639151 0.999765 -0.02073 81.7496 -0.999976 0.00633757 -0.00266684 -8.15041 -0.00253483 0.0207466 0.999782 0.397055
-0.041366 0.999061 -0.0128779 81.7434 -0.999144 -0.0413701 -5.17525e-05 -8.69097 -0.000584465 0.0128648 0.999917 0.404873
-0.0819393 0.996413 -0.0211218 81.6994 -0.996629 -0.0818338 0.00580935 -9.23399 0.00406004 0.0215266 0.99976 0.423538
-0.0812763 0.996415 -0.0234761 81.6418 -0.996634 -0.0809968 0.0126206 -9.81777 0.0106738 0.0244229 0.999645 0.445018
-0.0794808 0.996421 -0.0287743 81.5896 -0.996836 -0.079429 0.00294187 -10.4281 0.000645823 0.0289171 0.999582 0.423236
-0.0758386 0.996648 -0.0306755 81.5315 -0.99712 -0.0758069 0.00219664 -10.9419 -0.000136133 0.0307537 0.999527 0.46175
-0.0726225 0.996409 -0.0435419 81.4958 -0.997345 -0.0723186 0.00851665 -11.4578 0.00533717 0.0440448 0.999015 0.476613
-0.0341146 0.998686 -0.0382415 81.4779 -0.999329 -0.0335751 0.0146627 -12.0506 0.0133594 0.038716 0.999161 0.503468
-0.0273864 0.999415 -0.020498 81.484 -0.999545 -0.0271188 0.0132166 -12.6508 0.012653 0.0208506 0.999703 0.511383
-0.0238553 0.999478 -0.0217964 81.4679 -0.999711 -0.0237832 0.00356469 -13.1624 0.00304444 0.0218752 0.999756 0.51906
-0.034756 0.998919 -0.0308644 81.4397 -0.999395 -0.0347858 -0.000428729 -13.741 -0.00150191 0.0308308 0.999523 0.535302
-0.033549 0.999162 -0.0234264 81.435 -0.999419 -0.0333993 0.00675144 -14.3535 0.00596336 0.0236393 0.999703 0.558139
-0.0211048 0.999576 -0.0200636 81.4216 -0.999661 -0.0207919 0.0156782 -14.8913 0.0152544 0.0203877 0.999676 0.590153
-0.0369257 0.999199 -0.0154321 81.3994 -0.999216 -0.0366969 0.0148515 -15.4798 0.0142733 0.0159684 0.999771 0.625062
-0.0305657 0.998973 -0.0334559 81.382 -0.999479 -0.0308946 -0.00936045 -16.05 -0.0103844 0.0331523 0.999396 0.613953
-0.0214986 0.99945 -0.0252623 81.3607 -0.999752 -0.0216373 -0.005229 -16.6026 -0.00577273 0.0251436 0.999667 0.630354
-0.0215464 0.999756 -0.00480252 81.3813 -0.999738 -0.0215083 0.00785593 -17.1898 0.00775072 0.00497053 0.999958 0.640637
-0.0305474 0.999272 -0.0228393 81.3377 -0.999394 -0.0301533 0.0174068 -17.8222 0.0167054 0.0233572 0.999588 0.677548
-0.0451875 0.9983 -0.0368164 81.2881 -0.998915 -0.04557 -0.0096171 -18.3311 -0.0112785 0.0363419 0.999276 0.677938
-0.0346744 0.999091 -0.0248134 81.3228 -0.999394 -0.0345864 0.00396381 -18.9395 0.003102 0.0249358 0.999684 0.671072
-0.0225616 0.999625 -0.0155187 81.3082 -0.999745 -0.0225662 -0.000117147 -19.4895 -0.0004673 0.0155121 0.99988 0.683992
-0.0355674 0.998763 -0.0347479 81.2636 -0.99936 -0.0356811 -0.00265781 -20.0973 -0.00389436 0.0346311 0.999393 0.707044
-0.037239 0.998557 -0.0386986 81.2258 -0.999192 -0.036622 0.0165321 -20.6933 0.015091 0.039283 0.999114 0.723211
-0.0320766 0.99906 -0.0291708 81.2088 -0.999481 -0.0321496 -0.00203503 -21.3176 -0.00297095 0.0290904 0.999572 0.725044
-0.0487224 0.998745 -0.0115589 81.2058 -0.998777 -0.0488149 -0.00786217 -21.9301 -0.00841655 0.0111617 0.999902 0.752928
-0.0218515 0.999745 -0.00576998 81.2058 -0.999753 -0.0218272 0.0042533 -22.4472 0.00412627 0.0058615 0.999974 0.761614
-0.0182597 0.999782 -0.0100833 81.1879 -0.999832 -0.0182406 0.00199094 -23.0837 0.00180658 0.010118 0.999947 0.771327
-0.0341561 0.99927 -0.0171135 81.1545 -0.999386 -0.0342828 -0.00716396 -23.7075 -0.00774543 0.0168583 0.999828 0.792014
-0.0260052 0.999557 -0.0144821 81.1527 -0.999643 -0.025914 0.00645005 -24.2482 0.0060719 0.0146447 0.999874 0.80904
-0.0222044 0.999707 -0.00959731 81.1419 -0.999753 -0.0221951 0.00107492 -24.8169 0.000861594 0.00961881 0.999953 0.81834
-0.0359055 0.998993 -0.0269077 81.1007 -0.999355 -0.0358812 0.00138223 -25.4232 0.000415354 0.02694 0.999637 0.843209
-0.0298693 0.999145 -0.0285813 81.073 -0.999416 -0.0293784 0.0174446 -25.9808 0.01659 0.0290857 0.999439 0.85643
-0.0264794 0.99953 -0.0154764 81.0764 -0.999647 -0.026445 0.00242321 -26.5676 0.00201279 0.0155352 0.999877 0.859016
-0.0396658 0.99875 -0.0304302 81.0482 -0.999197 -0.0398192 -0.00445309 -27.2059 -0.00565923 0.0302292 0.999527 0.872227
-0.0372483 0.999084 -0.0210683 80.9876 -0.999237 -0.0369891 0.0125594 -27.8594 0.0117686 0.02152 0.999699 0.885919
-0.0248799 0.999561 -0.016059 81.0125 -0.999686 -0.0249243 -0.00257091 -28.4314 -0.00297004 0.01599 0.999868 0.892237
-0.0325357 0.999359 -0.0149306 80.996 -0.999454 -0.0326171 -0.00524423 -29.0319 -0.00572786 0.0147519 0.999875 0.919045
-0.0384772 0.998404 -0.0413287 80.9425 -0.99919 -0.0389298 -0.0102028 -29.5709 -0.0117954 0.0409026 0.999094 0.92537
-0.0339291 0.999056 -0.0271284 80.9374 -0.999389 -0.0336887 0.00927201 -30.1113 0.00834934 0.0274264 0.999589 0.92647
-0.0255073 0.999493 -0.0190467 80.9454 -0.999672 -0.0255489 -0.00194473 -30.635 -0.00243037 0.0189908 0.999817 0.931588
-0.0341484 0.999254 -0.0180119 80.9275 -0.999413 -0.0340903 0.00352344 -31.2302 0.00290678 0.0181217 0.999832 0.941458
-0.0363185 0.999313 -0.00735892 80.9305 -0.999311 -0.0363725 -0.00734508 -31.7488 -0.0076077 0.00708709 0.999946 0.947845
-0.0309302 0.999481 -0.0089932 80.933 -0.999513 -0.0308923 0.00432108 -32.2643 0.00404102 0.00912247 0.99995 0.956394
-0.0260359 0.99963 -0.00793675 80.9014 -0.999661 -0.0260392 -0.000310146 -32.7987 -0.000516697 0.00792598 0.999968 0.977271
-0.0257567 0.999601 -0.0116195 80.8994 -0.999663 -0.0257179 0.00347746 -33.3037 0.00317724 0.0117051 0.999926 0.981766
-0.0293224 0.999246 -0.0254654 80.8477 -0.99957 -0.0293334 -5.73542e-05 -33.9102 -0.000804297 0.0254527 0.999676 0.98028
-0.0316463 0.999073 -0.0291912 80.8393 -0.999485 -0.0314768 0.00624834 -34.5219 0.0053237 0.0293739 0.999554 0.988734
-0.0398127 0.998267 -0.043329 80.77 -0.9992 -0.0396114 0.00549358 -35.0979 0.00376774 0.0435131 0.999046 1.01488
-0.0052194 0.9995 -0.0311786 80.7871 -0.999974 -0.00506362 0.00507322 -35.7038 0.00491281 0.0312043 0.999501 1.00685
0.0125167 0.999863 -0.0107923 80.8479 -0.99988 0.0126143 0.00901971 -36.2876 0.00915462 0.0106781 0.999901 1.02799
0.0140611 0.999826 -0.0122771 80.8452 -0.9999 0.0140392 -0.00186857 -36.8878 -0.00169588 0.0123022 0.999923 1.02928
-0.00256214 0.999652 -0.0262663 80.8241 -0.999955 -0.00280039 -0.00903811 -37.4635 -0.00910852 0.0262419 0.999614 1.04922
-0.00492667 0.998668 -0.0513514 80.7936 -0.999974 -0.00519336 -0.00506118 -38.0914 -0.00532112 0.0513251 0.998668 1.05549
0.0372612 0.997667 -0.0572021 80.8046 -0.999297 0.0369662 -0.00620635 -38.6305 -0.00407733 0.0573932 0.998343 1.06139
0.0415121 0.99896 -0.0188794 80.8767 -0.999126 0.0414097 -0.00578561 -39.2028 -0.0049978 0.0191031 0.999805 1.06918
0.0392011 0.999132 -0.0141164 80.919 -0.999207 0.0392952 0.00645285 -39.7025 0.00700195 0.0138523 0.99988 1.07588
0.03605 0.999237 -0.0150568 80.9332 -0.999343 0.0361035 0.003294 -40.2147 0.00383509 0.0149281 0.999881 1.07864
0.0343542 0.998733 -0.0367586 80.9335 -0.99939 0.0345608 0.00500003 -40.7341 0.00626411 0.0365644 0.999312 1.08494
0.0387046 0.99912 -0.0161744 81.0055 -0.999112 0.0389641 0.0160501 -41.2468 0.0166662 0.0155388 0.99974 1.10563
0.158838 0.986659 -0.0357108 81.0238 -0.986929 0.159671 0.021816 -41.3956 0.0272269 0.0317788 0.999124 1.1048
0.250731 0.967736 -0.0249394 81.1366 -0.96735 0.251449 0.0317308 -41.6427 0.036978 0.0161693 0.999185 1.11254
0.337184 0.941402 -0.0082836 81.3095 -0.940828 0.33727 0.0330428 -42.0796 0.0339004 -0.00334808 0.99942 1.11965
0.34095 0.939804 -0.0228194 81.508 -0.939603 0.341451 0.0236281 -42.6405 0.0299975 0.0133851 0.99946 1.13812
0.34572 0.938053 -0.0231174 81.708 -0.93826 0.345904 0.00438406 -43.1887 0.0121089 0.0201745 0.999723 1.15892
0.345977 0.938241 0.00170224 81.9442 -0.938241 0.345979 -0.00123537 -43.7391 -0.00174802 -0.0011697 0.999998 1.16864
0.348865 0.937126 -0.00938974 82.1245 -0.937173 0.348839 -0.00433808 -44.2501 -0.000789816 0.0103132 0.999947 1.18716
0.339535 0.940543 -0.00976006 82.2751 -0.940469 0.33964 0.012769 -44.6099 0.0153247 0.0048435 0.999871 1.20012
0.335603 0.941634 -0.026386 82.2999 -0.941526 0.336193 0.0224208 -44.7134 0.029983 0.0173186 0.9994 1.19428
0.33815 0.940711 -0.0267955 82.4316 -0.94052 0.3388 0.0252423 -45.069 0.032824 0.016666 0.999322 1.21902
0.377444 0.925563 -0.0294756 82.5001 -0.925561 0.378077 0.0198905 -45.2036 0.029554 0.0197739 0.999368 1.21474
0.528412 0.848773 -0.0191252 82.5914 -0.848546 0.52873 0.0203408 -45.2946 0.0273767 0.00548029 0.99961 1.21712
0.634531 0.772665 -0.0189755 82.7236 -0.772384 0.634813 0.0208739 -45.4375 0.0281744 0.00141119 0.999602 1.22366
0.75789 0.652017 -0.0218451 82.8747 -0.651835 0.758201 0.0155754 -45.5537 0.0267184 0.00243497 0.99964 1.22455
0.84963 0.526542 -0.0296939 82.9868 -0.526502 0.850117 0.00978071 -45.6089 0.0303932 0.0073239 0.999511 1.23159
0.916218 0.399869 -0.0255047 83.1404 -0.399895 0.916551 0.0042913 -45.6839 0.0250923 0.00626744 0.999665 1.24588
0.94428 0.329038 -0.00833704 83.6412 -0.328884 0.944238 0.0158115 -45.8338 0.0130747 -0.0121885 0.99984 1.23445
0.945715 0.324666 -0.0146981 84.1596 -0.324579 0.945825 0.00800975 -46.0089 0.0165023 -0.00280423 0.99986 1.25197
0.947794 0.3186 -0.0134751 84.7212 -0.318379 0.947825 0.0162184 -46.1749 0.0179392 -0.0110815 0.999778 1.26687
0.982729 0.184975 -0.00535773 85.0727 -0.184875 0.982644 0.01525 -46.2037 0.0080856 -0.0139961 0.999869 1.28456
0.995276 0.0958232 -0.0156293 85.5893 -0.0955107 0.995234 0.0196507 -46.2408 0.0174378 -0.0180651 0.999685 1.28983
0.995673 0.0928097 -0.00463469 86.1172 -0.0927572 0.995634 0.0104857 -46.295 0.00558763 -0.0100104 0.999934 1.30001
0.995243 0.0971661 -0.00707041 86.6689 -0.0970692 0.995193 0.0129525 -46.3306 0.00829498 -0.0122046 0.999891 1.30169
0.995203 0.0978253 -0.000555232 87.212 -0.0978172 0.995169 0.00839122 -46.3982 0.00137342 -0.00829666 0.999965 1.31451
0.995315 0.0965536 0.00508977 87.7784 -0.096553 0.995328 -0.000370044 -46.4421 -0.00510172 -0.000123123 0.999987 1.32585
0.974033 0.22628 0.00760188 88.1511 -0.226301 0.974055 0.00202702 -46.5374 -0.00694598 -0.0036947 0.999969 1.333
0.916986 0.398894 -0.00446839 88.2769 -0.398898 0.916995 -2.75922e-05 -46.6269 0.00408648 0.00180774 0.99999 1.34154
0.843671 0.536845 0.00403749 88.4569 -0.536812 0.843471 0.0197671 -46.7502 0.00720637 -0.0188443 0.999796 1.34322
0.74434 0.667798 0.00185652 88.6589 -0.667662 0.744125 0.0224936 -46.92 0.0136397 -0.0179824 0.999745 1.35789
0.6215 0.783367 -0.00860933 88.6317 -0.783371 0.621544 0.00359396 -46.9992 0.00816646 0.00451065 0.999956 1.35241
0.466136 0.884468 -0.0208071 88.542 -0.884631 0.466285 0.00267796 -47.0044 0.0120706 0.0171583 0.99978 1.3472
0.427262 0.903261 -0.0395787 88.7286 -0.903598 0.428101 0.0154962 -47.459 0.0309408 0.0291424 0.999096 1.35869
0.430205 0.901957 -0.0373767 88.9261 -0.902578 0.430525 0.00057449 -47.9286 0.0166098 0.0334882 0.999301 1.38271
0.424431 0.904732 -0.0363081 89.0522 -0.905114 0.425036 0.0106215 -48.2528 0.0250419 0.0283549 0.999284 1.39398
0.428582 0.902532 -0.0418851 88.97 -0.902237 0.429974 0.0330186 -48.1367 0.0478099 0.0236391 0.998577 1.39476
0.426778 0.904189 -0.0174324 88.9483 -0.903765 0.427116 0.0279498 -48.054 0.0327175 0.00382647 0.999457 1.39608
0.419764 0.907559 -0.0116343 89.1157 -0.90735 0.419919 0.0196068 -48.4433 0.0226798 0.00232615 0.99974 1.39193
0.416154 0.908926 -0.0258901 89.1503 -0.908591 0.416783 0.0274595 -48.5779 0.0357492 0.0120962 0.999288 1.40504
0.418797 0.90732 -0.0371391 89.174 -0.9072 0.419841 0.0268633 -48.6692 0.0399662 0.0224424 0.998949 1.4018
0.417683 0.908279 -0.0238778 89.3039 -0.907768 0.418279 0.0316236 -48.9202 0.0387106 0.00846687 0.999215 1.41915
0.41476 0.909189 -0.0367446 89.5014 -0.909642 0.415308 0.00844359 -49.4077 0.0229371 0.0299223 0.999289 1.41483
0.33325 0.942096 -0.0374039 89.6141 -0.942764 0.333459 -0.000695078 -49.804 0.0118178 0.0354947 0.9993 1.42716
0.244622 0.969103 -0.0316156 89.6562 -0.96944 0.245073 0.0112263 -49.9521 0.0186276 0.0279032 0.999437 1.432
0.241997 0.969525 -0.0382039 89.7706 -0.97002 0.242651 0.0134533 -50.4316 0.0223135 0.0338029 0.999179 1.44434
0.181308 0.98304 -0.0275744 89.8052 -0.983181 0.181818 0.0172625 -50.6771 0.0219832 0.0239808 0.999471 1.441
0.180095 0.982781 -0.0413108 89.8822 -0.98352 0.180592 0.00860737 -51.1857 0.0159196 0.0390799 0.999109 1.45075
0.180213 0.983232 -0.0279074 89.982 -0.983558 0.180466 0.00682335 -51.6721 0.0117453 0.0262188 0.999587 1.45658
0.322206 0.946293 -0.0266798 90.081 -0.946572 0.32245 0.0052719 -51.8319 0.0135917 0.0235557 0.99963 1.46209
0.486433 0.873684 -0.00772256 90.1346 -0.873614 0.486493 0.0111199 -51.7928 0.0134722 0.00133744 0.999908 1.46617
0.627085 0.778891 -0.00967418 90.1566 -0.778655 0.62714 0.0197718 -51.7441 0.0214671 -0.00486571 0.999758 1.46784
0.755392 0.655186 -0.0107294 90.1851 -0.654903 0.755414 0.0212681 -51.6932 0.0220397 -0.00903903 0.999716 1.46103
0.861892 0.507011 -0.00906265 90.1887 -0.506662 0.861759 0.0257937 -51.6311 0.0208875 -0.0176397 0.999626 1.45926
0.935571 0.352745 -0.0166539 90.1707 -0.351982 0.935284 0.0367715 -51.569 0.028547 -0.0285405 0.999185 1.4539
0.984242 0.176238 -0.0144353 90.149 -0.17574 0.983963 0.0305454 -51.524 0.019587 -0.0275271 0.999429 1.45812
0.999844 -0.00911877 -0.0151 90.1157 0.00964591 0.999333 0.0352127 -51.471 0.0147689 -0.0353528 0.999266 1.45547
0.983626 -0.177794 -0.0294999 90.0798 0.179031 0.982739 0.0466066 -51.4206 0.0207043 -0.0511248 0.998478 1.4583
0.947965 -0.317796 -0.0191888 90.0608 0.318325 0.947154 0.0395947 -51.3943 0.00559173 -0.0436426 0.999032 1.46035
0.88073 -0.472399 -0.0339588 90.0267 0.473489 0.879896 0.0398924 -51.3778 0.0110351 -0.0512136 0.998627 1.45729
0.806062 -0.591489 -0.0201019 89.992 0.591829 0.805662 0.0254187 -51.3716 0.00116051 -0.0323859 0.999475 1.45615
0.709762 -0.703833 -0.0292668 89.9767 0.704375 0.709651 0.0158239 -51.3604 0.00963181 -0.031846 0.999446 1.45942
0.591729 -0.805554 -0.030652 89.9443 0.805894 0.592056 -0.00202508 -51.3808 0.019779 -0.0235039 0.999528 1.45824
0.547285 -0.836937 -0.00382685 90.0296 0.836937 0.547295 -0.00210049 -51.2644 0.00385239 -0.00205326 0.99999 1.45528
0.542669 -0.83991 -0.00778676 90.2911 0.839902 0.542522 0.0153091 -50.8394 -0.00863379 -0.0148479 0.999852 1.44799
0.499011 -0.866585 -0.00441455 90.5271 0.866288 0.498691 0.0292031 -50.3799 -0.0231055 -0.0183969 0.999564 1.44523
0.404133 -0.914665 0.00799472 90.6617 0.914225 0.404189 0.0286872 -50.106 -0.0294706 -0.00428447 0.999556 1.45355
0.397997 -0.917383 0.00252833 90.8585 0.917036 0.39792 0.0265412 -49.6404 -0.0253545 -0.00824477 0.999645 1.44236
0.518823 -0.854881 -0.00122447 91.0947 0.854477 0.518534 0.0314836 -49.196 -0.0262798 -0.0173807 0.999504 1.44112
0.590027 -0.807361 0.00601931 91.3953 0.807055 0.589984 0.0241188 -48.785 -0.0230239 -0.00937286 0.999691 1.43612
0.702235 -0.71188 0.00969229 91.572 0.711406 0.702167 0.0293691 -48.6232 -0.0277128 -0.0137288 0.999522 1.43139
0.807466 -0.589869 0.0073363 91.6789 0.589534 0.807329 0.0258677 -48.5912 -0.0211814 -0.0165623 0.999638 1.43571
0.886891 -0.461751 0.0145274 92.1123 0.461486 0.886958 0.0183441 -48.3259 -0.0213556 -0.00956498 0.999726 1.43957
0.938344 -0.345635 0.00690877 92.5334 0.34554 0.938327 0.0120397 -48.205 -0.010644 -0.00891017 0.999904 1.42164
0.98546 -0.169772 0.00676476 92.7344 0.169724 0.985466 0.00711884 -48.2085 -0.00787502 -0.00586719 0.999952 1.42141
0.989151 -0.146897 -0.0012561 93.2523 0.146902 0.989137 0.00532837 -48.1245 0.000459733 -0.00545508 0.999985 1.42876
0.990322 -0.138618 0.00695979 93.7967 0.138666 0.990314 -0.00706266 -48.0742 -0.00591337 0.00795939 0.999951 1.43424
0.996593 -0.0824762 -0.00056985 94.2976 0.082452 0.996427 -0.0182785 -48.0365 0.00207535 0.0181692 0.999833 1.44002
0.994701 -0.102277 0.0104225 94.803 0.102426 0.994628 -0.0149404 -48.0278 -0.00883848 0.0159288 0.999834 1.44776
0.993186 -0.116539 0.00061538 95.3512 0.116517 0.992874 -0.0250175 -47.988 0.00230451 0.0249188 0.999687 1.45252
0.994207 -0.107387 0.00452702 95.9084 0.107418 0.994186 -0.00749733 -47.9167 -0.00369559 0.00794019 0.999962 1.45269
0.999938 -0.0103259 0.00420201 96.3108 0.0102845 0.999899 0.00976143 -47.9245 -0.00430238 -0.0097176 0.999944 1.46557
0.999948 -0.00748914 0.00696861 96.9072 0.00749153 0.999972 -0.000316761 -47.8867 -0.00696604 0.000368949 0.999976 1.45834
0.999968 -0.00688791 -0.00398676 97.4878 0.006859 0.99995 -0.00721953 -47.8911 0.00403629 0.00719195 0.999966 1.46314
0.999954 -0.00820784 0.00493666 98.0652 0.00823889 0.999946 -0.00630225 -47.894 -0.00488467 0.00634264 0.999968 1.47323
0.999839 -0.00610136 0.0168921 98.7069 0.00640142 0.999822 -0.0177669 -47.9131 -0.0167807 0.0178722 0.999699 1.48211
0.999961 0.00768396 0.00437667 99.2856 -0.00758975 0.999748 -0.0211494 -47.9341 -0.00453808 0.0211153 0.999767 1.49802
0.999651 -0.011394 0.0238304 99.8006 0.0117062 0.999847 -0.0130064 -47.9139 -0.0236785 0.0132808 0.999631 1.49628
0.999847 -0.00442576 0.0169109 100.384 0.00461489 0.999927 -0.0111616 -47.9051 -0.0168603 0.0112379 0.999795 1.49895
0.999749 0.00239538 0.0222641 100.948 -0.00215026 0.999937 -0.0110272 -47.9122 -0.0222891 0.0109766 0.999691 1.51349
0.99974 -0.0144745 0.0176305 101.459 0.0144958 0.999894 -0.00108057 -47.8912 -0.017613 0.00133586 0.999844 1.52092
0.99969 -0.00266211 0.0247751 101.991 0.00254074 0.999985 0.00492895 -47.8879 -0.0247879 -0.00486447 0.999681 1.51285
0.999849 0.0109088 0.0135243 102.538 -0.0106846 0.999806 -0.0165392 -47.9258 -0.0137021 0.0163922 0.999772 1.51023
0.999698 0.018413 0.0162912 103.09 -0.018487 0.999819 0.00440455 -47.9267 -0.0162072 -0.00470439 0.999858 1.54692
0.988685 0.149307 0.0144787 103.599 -0.149488 0.988687 0.0123082 -47.9735 -0.0124772 -0.0143333 0.999819 1.54637
0.995706 0.0923419 0.00648757 104.154 -0.0922257 0.995604 -0.0163608 -48.0558 -0.00796983 0.0156922 0.999845 1.5301
0.99849 0.0532924 -0.0133165 104.658 -0.0537668 0.997821 -0.0382516 -48.11 0.011249 0.0389098 0.999179 1.54874
0.985424 0.170035 0.00529037 104.956 -0.169818 0.985058 -0.0286807 -48.1719 -0.0100881 0.0273643 0.999575 1.53304
0.966649 0.255815 -0.0121645 105.213 -0.256035 0.966398 -0.0228379 -48.2516 0.00591349 0.0251908 0.999665 1.53287
0.933168 0.35898 -0.0182066 105.653 -0.359296 0.933033 -0.0188727 -48.4271 0.0102124 0.0241529 0.999656 1.54228
0.857465 0.514437 -0.0104179 105.741 -0.514538 0.857203 -0.0212984 -48.5344 -0.00202643 0.023623 0.999719 1.53748
0.749573 0.661435 -0.0253799 105.756 -0.661908 0.749254 -0.0222723 -48.608 0.00428435 0.0334939 0.99943 1.53763
0.737473 0.674151 -0.0406582 106.136 -0.674909 0.737866 -0.00722677 -48.9881 0.0251284 0.0327701 0.999147 1.54672
0.731615 0.680605 -0.0389322 106.495 -0.681639 0.731206 -0.0265685 -49.3773 0.0103848 0.0459756 0.998889 1.54938
0.735005 0.677208 -0.0340229 106.908 -0.67803 0.734528 -0.0272655 -49.7965 0.00652641 0.0431088 0.999049 1.55926
0.628262 0.777745 -0.0199869 107.192 -0.777945 0.628319 -0.00405316 -50.1135 0.00940583 0.0180951 0.999792 1.57423
0.553548 0.832402 -0.0262884 107.458 -0.832793 0.553496 -0.00988238 -50.6063 0.0063244 0.0273631 0.999606 1.5789
0.546421 0.83702 -0.0286702 107.72 -0.837498 0.545905 -0.024193 -51.0339 -0.0045988 0.0372308 0.999296 1.58269
0.391689 0.919869 -0.0205192 107.837 -0.919997 0.39122 -0.023498 -51.3331 -0.0135876 0.0280816 0.999513 1.59781
0.270366 0.962308 -0.0294169 107.913 -0.962737 0.270037 -0.0147275 -51.7525 -0.00622878 0.0323026 0.999459 1.60369
0.263562 0.964268 -0.0268688 108.067 -0.964636 0.263354 -0.0110946 -52.2968 -0.00362218 0.0288428 0.999577 1.62219
0.124103 0.992125 -0.0169384 108.119 -0.992229 0.123926 -0.0111545 -52.7244 -0.00896752 0.018191 0.999794 1.62255
0.0948056 0.993957 -0.0553255 108.091 -0.99549 0.0944631 -0.00877904 -53.283 -0.00349977 0.0559083 0.99843 1.63729
0.0939354 0.994618 -0.0437063 108.161 -0.995564 0.0936054 -0.00953991 -53.8197 -0.00539742 0.0444086 0.998999 1.64855
0.0985239 0.993605 -0.0551483 108.162 -0.995134 0.0982994 -0.00677466 -54.3774 -0.00131029 0.0555474 0.998455 1.6476
0.102096 0.994494 -0.0236031 108.254 -0.99476 0.102195 0.00302806 -54.8933 0.00542351 0.0231702 0.999717 1.66671
-0.0726981 0.99708 -0.0233815 108.199 -0.997319 -0.0728718 -0.00666453 -55.3825 -0.00834892 0.0228343 0.999704 1.67311
-0.134277 0.99068 -0.0228861 108.122 -0.990942 -0.134281 0.0013485 -55.9244 -0.00173725 0.0228599 0.999737 1.68316
-0.229059 0.973109 -0.0242922 108.003 -0.97341 -0.229049 0.0032432 -56.3278 -0.0024081 0.0243891 0.9997 1.69077
-0.395616 0.917424 -0.0426834 107.861 -0.918373 -0.395618 0.00875064 -56.4662 -0.00885829 0.0426612 0.99905 1.68774
-0.49963 0.864935 -0.0475163 107.601 -0.866239 -0.498867 0.0276059 -56.9241 0.000172967 0.0549532 0.998489 1.69355
-0.638414 0.768369 -0.0451299 107.486 -0.769606 -0.638123 0.0224628 -56.9993 -0.0115388 0.0490729 0.998729 1.69433
-0.725168 0.687307 -0.0417295 107.274 -0.688555 -0.724243 0.0369349 -57.1291 -0.00483669 0.055517 0.998446 1.69669
-0.831275 0.554867 -0.0332276 107.14 -0.555797 -0.830597 0.0346056 -57.1888 -0.00839728 0.0472346 0.998849 1.6949
