0.999986 -0.00470231 0.00241409 -0.00586939 0.00471863 0.999966 -0.00680033 0.00468365 -0.00238203 0.00681162 0.999974 0.0169484
0.999995 -0.000451408 0.00323569 0.49172 0.000426706 0.999971 0.0076308 -0.00837919 -0.00323904 -0.00762938 0.999966 -0.00420421
0.999942 0.000180601 0.0107813 1.03927 -0.00022388 0.999992 0.00401325 -0.00852875 -0.0107804 -0.00401543 0.999934 -0.00105773
0.998818 -0.0386409 0.0294915 1.6272 0.0384757 0.999241 0.00615148 0.0177327 -0.0297068 -0.0050095 0.999546 0.0141609
0.998649 -0.0425682 0.0297979 2.185 0.0426679 0.999086 -0.00271735 0.0218038 -0.029655 0.00398509 0.999552 0.0184945
0.994584 -0.0998881 0.0287095 2.71416 0.0994753 0.99492 0.015468 0.117767 -0.0301087 -0.0125284 0.999468 0.00939307
0.999415 0.00195195 0.034136 3.08934 -0.00332062 0.999191 0.040084 0.160481 -0.0340301 -0.0401739 0.998613 0.0105227
0.999787 -0.00498661 0.0200427 3.59112 0.00458605 0.99979 0.019982 0.135165 -0.0201381 -0.0198859 0.999599 0.0106706
0.999829 -0.00302662 0.0182336 4.18722 0.00280055 0.999919 0.0124109 0.146577 -0.0182697 -0.0123577 0.999757 0.00247534
0.99973 0.00367022 0.022938 4.71497 -0.00384363 0.999964 0.00752041 0.151204 -0.0229096 -0.00760655 0.999709 0.0105133
0.999579 -0.0134587 0.0257008 5.28603 0.0131224 0.999827 0.0132093 0.1533 -0.0258741 -0.0128665 0.999582 0.0158094
0.999342 -0.0222594 0.0286457 5.82452 0.0221111 0.99974 0.00548362 0.163634 -0.0287603 -0.00484662 0.999575 0.0130534
0.999142 -0.022391 0.0348377 6.45576 0.0230842 0.999541 -0.0196246 0.128708 -0.0343823 0.020412 0.9992 0.0322168
0.998247 -0.0457522 0.0375382 7.01766 0.0468106 0.998516 -0.027819 0.156823 -0.0362098 0.0295274 0.998908 0.0331996
0.99816 -0.0525936 0.0301718 7.61421 0.0529008 0.998555 -0.00947396 0.221566 -0.0296299 0.0110526 0.9995 0.0355455
0.997972 -0.0601171 0.0209092 8.23731 0.0599155 0.998152 0.0101424 0.27128 -0.0214803 -0.00886907 0.99973 0.0368791
0.996961 -0.0706202 0.0328961 8.7367 0.070207 0.99744 0.0135527 0.311733 -0.033769 -0.0112019 0.999367 0.0469404
0.997747 -0.0638687 0.0205546 9.28979 0.0636665 0.997918 0.0103465 0.344109 -0.0211726 -0.00901459 0.999735 0.0443502
0.998071 -0.0571312 0.0242941 9.85544 0.0568932 0.998326 0.0103805 0.382029 -0.0248465 -0.00897829 0.999651 0.0478994
0.997291 -0.0697599 0.0233225 10.4137 0.0693486 0.99743 0.0180017 0.446533 -0.0245184 -0.0163356 0.999566 0.0548944
0.997957 -0.0581824 0.0264026 10.9301 0.0578051 0.998218 0.0148376 0.463839 -0.0272188 -0.0132811 0.999541 0.04904
0.998405 -0.0490476 0.027949 11.4942 0.0488754 0.998782 0.00681272 0.490792 -0.0282491 -0.00543584 0.999586 0.0618096
0.998299 -0.0499185 0.0301136 12.148 0.0496599 0.998723 0.00927728 0.558916 -0.0305382 -0.00776607 0.999503 0.0476127
0.997594 -0.0646955 0.0249149 12.6557 0.0643245 0.99781 0.0154163 0.599276 -0.0258577 -0.0137766 0.999571 0.0525252
0.997358 -0.066003 0.0303445 13.2006 0.0651525 0.997477 0.0282096 0.629246 -0.0321298 -0.026158 0.999141 0.0663248
0.998287 -0.0531263 0.0244938 13.7011 0.0529815 0.998574 0.00652264 0.639071 -0.0248054 -0.00521375 0.999679 0.064361
0.998645 -0.0498194 0.0150157 14.2767 0.0498374 0.998757 -0.000826038 0.658815 -0.0149558 0.00157326 0.999887 0.0590007
0.998097 -0.0567356 0.0241523 14.9238 0.0567101 0.998389 0.0017387 0.687265 -0.0242121 -0.00036571 0.999707 0.0623074
0.99862 -0.0440081 0.028649 15.4993 0.0437859 0.999006 0.00833762 0.722585 -0.0289874 -0.00707169 0.999555 0.0676606
0.998433 -0.0511228 0.0227793 16.1095 0.0508777 0.998642 0.0112097 0.764719 -0.0233215 -0.0100331 0.999678 0.0649222
0.997498 -0.0647093 0.0284776 16.7743 0.0643745 0.997847 0.0125231 0.797594 -0.0292267 -0.0106586 0.999516 0.0749717
0.998439 -0.0454347 0.0324865 17.3402 0.0453224 0.998964 0.00418442 0.803992 -0.0326429 -0.00270553 0.999463 0.0858715
0.99854 -0.0517329 0.0155353 17.8936 0.0518177 0.998644 -0.00510214 0.819576 -0.0152503 0.00589969 0.999866 0.0863583
0.99787 -0.0617806 0.0209575 18.5459 0.0614982 0.998011 0.0138596 0.869581 -0.0217721 -0.0125412 0.999684 0.079804
0.998284 -0.053178 0.024538 19.1804 0.0528699 0.998516 0.013038 0.899047 -0.0251949 -0.0117183 0.999614 0.0945435
0.998578 -0.0499237 0.0187239 19.7774 0.049606 0.998623 0.0170657 0.944212 -0.0195501 -0.0161126 0.999679 0.0862178
0.997361 -0.0669533 0.0280629 20.2941 0.0666566 0.997711 0.0113803 0.965996 -0.0287606 -0.00947974 0.999541 0.101059
0.998639 -0.0424894 0.0302529 20.8282 0.042797 0.999038 -0.00959364 0.953682 -0.0298162 0.0108753 0.999496 0.0988084
0.999803 -0.0135034 0.0145584 21.4261 0.0132284 0.999735 0.0188219 0.993906 -0.0148087 -0.0186256 0.999717 0.0891017
0.99965 -0.00477461 0.0260253 21.9299 0.00418381 0.999733 0.0227087 1.01215 -0.0261268 -0.0225919 0.999403 0.115207
0.999939 0.00574608 0.00944427 22.486 -0.0059325 0.999786 0.0198315 0.998838 -0.00932829 -0.0198863 0.999759 0.119851
0.999835 0.00858726 0.0159815 23.0238 -0.00865477 0.999954 0.0041594 0.993763 -0.0159451 -0.00429704 0.999864 0.13141
0.999848 0.000796404 0.0174354 23.6447 -0.00115984 0.999782 0.0208443 1.0069 -0.017415 -0.0208614 0.999631 0.142279
0.999602 -0.0238898 0.0149886 24.2152 0.0237014 0.999639 0.0126284 1.01652 -0.0152849 -0.0122681 0.999808 0.134654
0.999703 -0.0115044 0.0214876 24.781 0.0115356 0.999933 -0.00133133 1.00278 -0.0214708 0.00157881 0.999768 0.146257
0.999614 -0.019211 0.0200759 25.3959 0.0188454 0.999656 0.0182481 1.03285 -0.0204196 -0.0178628 0.999632 0.148313
0.99944 -0.0259791 0.0211062 26.0258 0.0257488 0.999607 0.0111095 1.05165 -0.0213865 -0.0105599 0.999716 0.144304
0.999589 -0.00498739 0.0282427 26.5777 0.00475391 0.999954 0.00832817 1.04562 -0.0282829 -0.00819048 0.999566 0.150208
0.999517 -0.0234104 0.0204506 27.1371 0.0230776 0.9996 0.0163634 1.07477 -0.0208255 -0.0158835 0.999657 0.149152
0.999345 -0.025249 0.0259265 27.7767 0.0253475 0.999673 -0.0034782 1.06392 -0.0258302 0.0041331 0.999658 0.151157
0.999759 -0.0045848 0.0214655 28.4149 0.00463431 0.999987 -0.00225733 1.04921 -0.0214549 0.00235626 0.999767 0.160817
0.998801 -0.0470674 0.0134526 29.0192 0.0469423 0.998853 0.00946311 1.07004 -0.0138825 -0.00882027 0.999865 0.166999
0.998276 -0.0550119 0.0204496 29.566 0.0549919 0.998486 0.00154313 1.08047 -0.0205035 -0.000415904 0.99979 0.162637
0.998758 -0.0451891 0.0209994 30.073 0.0455151 0.998846 -0.015316 1.08638 -0.0202831 0.0162528 0.999662 0.180598
0.998861 -0.0466778 0.00985811 30.6838 0.0466571 0.998908 0.0023222 1.11537 -0.00995574 -0.00185961 0.999949 0.18213
0.998251 -0.0551323 0.0213298 31.3069 0.0549562 0.99845 0.00875916 1.18184 -0.0217796 -0.00757164 0.999734 0.182256
0.998511 -0.0453861 0.0302602 31.8935 0.0448044 0.998803 0.0196319 1.20427 -0.031115 -0.0182469 0.999349 0.199816
0.999774 -0.00759195 0.0198666 32.458 0.00719516 0.999775 0.0199685 1.23461 -0.0200138 -0.0198211 0.999603 0.197939
0.99989 -0.00495695 0.013982 32.9705 0.00470532 0.999827 0.0179723 1.22966 -0.0140686 -0.0179046 0.999741 0.2074
0.999966 -0.00678812 0.00465366 33.562 0.00671255 0.999848 0.0160672 1.25047 -0.00476202 -0.0160354 0.99986 0.200696
0.999769 -0.0145094 0.0158862 34.0842 0.0142581 0.999773 0.0158193 1.25715 -0.0161122 -0.0155891 0.999749 0.193707
0.999737 -0.0134606 0.018576 34.6591 0.0131866 0.999804 0.0147942 1.25387 -0.0187715 -0.0145454 0.999718 0.209159
0.999708 -0.000702915 0.0241596 35.3136 -3.65143e-06 0.999573 0.0292333 1.27438 -0.0241698 -0.0292249 0.999281 0.201141
0.999393 -0.0228024 0.0263265 35.9766 0.0224963 0.999676 0.0118685 1.28224 -0.0265886 -0.0112691 0.999583 0.204262
0.998692 -0.0276056 0.0430459 36.528 0.0271729 0.999575 0.0106029 1.29671 -0.0433203 -0.00941937 0.999017 0.213602
0.998494 -0.0351818 0.0420898 37.1524 0.0350187 0.999376 0.00460651 1.30867 -0.0422256 -0.00312564 0.999103 0.190051
0.998138 -0.0530901 0.0300378 37.6793 0.052669 0.998505 0.0146418 1.36051 -0.0307702 -0.0130325 0.999442 0.18257
0.998099 -0.0521622 0.0328311 38.2606 0.0515557 0.998488 0.0190553 1.39663 -0.0337754 -0.0173264 0.999279 0.175249
0.998668 -0.0413208 0.0308957 38.9204 0.0406878 0.998955 0.0208417 1.43312 -0.0317246 -0.0195569 0.999305 0.177208
0.998197 -0.0512478 0.0312636 39.5199 0.0505547 0.998466 0.0225698 1.51792 -0.0323723 -0.0209486 0.999256 0.163434
0.99754 -0.0592577 0.0374559 40.1659 0.0586046 0.998114 0.0182992 1.52275 -0.0384696 -0.0160591 0.999131 0.177843
0.998301 -0.0377665 0.0443652 40.7415 0.0372832 0.999237 0.0116706 1.54432 -0.0447721 -0.00999673 0.998947 0.173345
0.997722 -0.0575497 0.0351987 41.2409 0.0572093 0.998306 0.0106033 1.5547 -0.0357492 -0.00856548 0.999324 0.180532
0.997471 -0.0623723 0.0340665 41.7936 0.061424 0.997713 0.0282075 1.61119 -0.035748 -0.0260437 0.999021 0.154216
0.998201 -0.0467514 0.0375422 42.3276 0.0460994 0.998774 0.0180496 1.6307 -0.03834 -0.0162864 0.999132 0.144648
0.999427 -0.0119931 0.0316586 42.8335 0.0113638 0.999736 0.0199816 1.64615 -0.0318898 -0.0196104 0.999299 0.134958
0.999446 -0.0106047 0.0315523 43.3544 0.0100407 0.999788 0.0179808 1.66264 -0.0317362 -0.0176541 0.99934 0.147033
0.999152 -0.023136 0.0340692 43.8982 0.0222725 0.999426 0.025511 1.66728 -0.0346399 -0.0247305 0.999094 0.136994
0.999665 -0.0161291 0.0202612 44.4029 0.0154892 0.999388 0.0313522 1.69413 -0.0207545 -0.0310279 0.999303 0.137169
0.999747 -0.012688 0.0185912 44.9652 0.0124631 0.999848 0.0121634 1.67908 -0.0187427 -0.0119286 0.999753 0.132574
0.999863 -0.0102691 0.0129605 45.5532 0.0101633 0.999915 0.00820456 1.66961 -0.0130436 -0.00807172 0.999882 0.125196
0.999303 -0.0300075 0.0221948 46.1898 0.0298614 0.99953 0.00688349 1.68892 -0.022391 -0.00621593 0.99973 0.140664
0.998819 -0.0396697 0.0280676 46.7921 0.0391279 0.999042 0.0195967 1.72475 -0.0288181 -0.0184753 0.999414 0.148293
0.99882 -0.0418776 0.0246018 47.3372 0.0415739 0.999054 0.0127271 1.74453 -0.0251115 -0.0116893 0.999616 0.129406
0.998164 -0.0514482 0.0319783 47.976 0.0505117 0.99829 0.029434 1.78057 -0.0334379 -0.0277647 0.999055 0.129064
0.998919 -0.0400961 0.0235327 48.5688 0.0393327 0.998712 0.0320555 1.81233 -0.0247877 -0.0310953 0.999209 0.140713
0.998778 -0.0413583 0.0270398 49.1575 0.0408791 0.999001 0.0180422 1.82206 -0.027759 -0.0169148 0.999472 0.11913
0.998462 -0.0475378 0.0285332 49.7968 0.0471831 0.998802 0.012979 1.84348 -0.029116 -0.0116128 0.999509 0.12283
0.999073 -0.0310337 0.029818 50.3352 0.0308643 0.999505 0.00612719 1.86592 -0.0299934 -0.0052012 0.999537 0.123737
0.99876 -0.0282555 0.0409946 50.9095 0.0280888 0.999595 0.00463802 1.88392 -0.041109 -0.00348078 0.999149 0.125627
0.998641 -0.0388683 0.0347179 51.4479 0.0387417 0.99924 0.00431252 1.90405 -0.0348592 -0.00296163 0.999388 0.126965
0.998931 -0.0422924 0.0186432 51.9872 0.0420393 0.999021 0.0137652 1.91961 -0.0192071 -0.0129668 0.999731 0.111856
0.999004 -0.0422937 0.0142386 52.4988 0.0420932 0.999014 0.0140949 1.94806 -0.0148207 -0.0134815 0.999799 0.0935894
0.999008 -0.0420815 0.0145822 53.0315 0.0415738 0.998573 0.0335257 2.00691 -0.0159722 -0.0328862 0.999331 0.10784
0.999102 -0.0394904 0.0153546 53.5677 0.0391243 0.998959 0.0234529 2.03004 -0.0162647 -0.0228311 0.999607 0.105921
0.999109 -0.0400046 0.0134629 54.1297 0.0395091 0.998597 0.0352555 2.08482 -0.0148544 -0.0346921 0.999288 0.105306
0.999148 -0.0381487 0.0157595 54.7342 0.0379461 0.999196 0.0129587 2.09308 -0.0162412 -0.0123497 0.999792 0.085948
0.999284 -0.0346089 0.0153 55.2509 0.0343338 0.99925 0.0178903 2.09703 -0.0159077 -0.0173522 0.999723 0.0907797
0.99899 -0.0405724 0.0193225 55.7905 0.0403965 0.999139 0.00940936 2.12554 -0.0196877 -0.00861929 0.999769 0.0957821
0.998907 -0.0420839 0.0203493 56.3793 0.0414643 0.99869 0.0299673 2.16857 -0.0215838 -0.0290908 0.999344 0.101974
0.998767 -0.0456722 0.0194633 56.8874 0.0453285 0.998814 0.0177487 2.18168 -0.0202509 -0.0168446 0.999653 0.099
0.999152 -0.0386382 0.0142467 57.4855 0.0385218 0.999223 0.00835315 2.18464 -0.0145584 -0.00779725 0.999864 0.094122
0.998922 -0.0419711 0.0198339 58.0567 0.041726 0.999049 0.0126146 2.21131 -0.0203445 -0.0117734 0.999724 0.0905408
0.998878 -0.0430181 0.0198004 58.5583 0.0425494 0.998818 0.0235108 2.24768 -0.0207884 -0.0226419 0.999527 0.0806983
0.998768 -0.0417143 0.0268951 59.1341 0.0415957 0.999122 0.00495242 2.24639 -0.0270781 -0.0038276 0.999626 0.0719921
0.998879 -0.0423813 0.0210984 59.7083 0.0419299 0.998891 0.0213945 2.29851 -0.0219818 -0.0204858 0.999548 0.0788344
0.998984 -0.0385665 0.0233197 60.2862 0.0382726 0.999184 0.0129211 2.30319 -0.0237989 -0.0120155 0.999645 0.0885418
0.999109 -0.0282863 0.031332 60.7935 0.0281393 0.999591 0.0051226 2.30371 -0.0314641 -0.00423637 0.999496 0.0886219
0.999053 -0.0330893 0.0282424 61.3764 0.0331797 0.999446 -0.00273769 2.32593 -0.0281362 0.00367217 0.999597 0.0862559
0.999042 -0.0362845 0.0244693 61.881 0.0358716 0.99921 0.0171083 2.36864 -0.0250707 -0.0162142 0.999554 0.0770446
0.99909 -0.0409196 0.0120408 62.4026 0.0406054 0.998855 0.0252772 2.39051 -0.0130613 -0.0247652 0.999608 0.0789981
0.999161 -0.0381642 0.0148497 62.9841 0.0376324 0.998693 0.0345759 2.43663 -0.0161498 -0.033988 0.999292 0.0590368
0.999147 -0.038095 0.0159106 63.5007 0.0380961 0.999274 0.000232989 2.42224 -0.0159079 0.000373341 0.999873 0.066341
0.999026 -0.0412361 0.0157325 64.0154 0.041148 0.999136 0.00588729 2.43623 -0.0159616 -0.0052342 0.999859 0.0701994
0.999184 -0.0403855 0.000662414 64.561 0.0403712 0.999074 0.014861 2.45662 -0.00126197 -0.0148222 0.999889 0.0539703
0.999268 -0.0366968 0.0107758 65.1221 0.0363409 0.998841 0.0315462 2.52118 -0.0119209 -0.0311315 0.999444 0.0657074
0.999066 -0.0420347 0.0100584 65.6242 0.0417954 0.998863 0.022929 2.52285 -0.0110108 -0.0224872 0.999686 0.0619175
0.99901 -0.0421952 0.0140931 66.1795 0.0419863 0.999008 0.0148064 2.542 -0.0147039 -0.0142 0.999791 0.0549086
0.999224 -0.0369496 0.0136365 66.7355 0.0366343 0.999071 0.0226863 2.57833 -0.0144621 -0.0221692 0.99965 0.0707846
0.999288 -0.0345747 0.0150905 67.3047 0.0343324 0.999282 0.0160298 2.57274 -0.0156339 -0.0155003 0.999758 0.0755186
0.998974 -0.0361877 0.0272257 67.8516 0.0359823 0.99932 0.00799591 2.58696 -0.0274966 -0.00700806 0.999597 0.0682586
0.999224 -0.0324452 0.022336 68.4145 0.0321269 0.999379 0.0144659 2.60262 -0.0227915 -0.0137371 0.999646 0.063725
0.99925 -0.0303869 0.0239868 68.986 0.0302166 0.999516 0.0074298 2.60823 -0.0242009 -0.00669943 0.999685 0.0669099
0.999323 -0.0265022 0.0255279 69.5511 0.0264047 0.999643 0.00414837 2.62331 -0.0256287 -0.0034715 0.999666 0.0772638
0.999231 -0.0282921 0.027143 70.0671 0.0281005 0.999578 0.00741386 2.62156 -0.0273413 -0.00664542 0.999604 0.07083
0.999363 -0.0319234 0.0159664 70.5793 0.0317764 0.999451 0.00937761 2.6466 -0.016257 -0.00886428 0.999829 0.0836155
0.999833 0.00937829 0.0156679 71.1031 -0.00978625 0.99961 0.0261673 2.64877 -0.0154164 -0.0263163 0.999535 0.0622233
0.999819 0.0120809 0.0147247 71.6234 -0.0122165 0.999884 0.0091492 2.61883 -0.0146124 -0.00932742 0.99985 0.0729054
0.999755 0.0132161 0.0177663 72.1539 -0.0135417 0.99974 0.0183336 2.60959 -0.0175193 -0.0185697 0.999674 0.0685422
0.999877 -0.00973594 0.0123269 72.7131 0.00967114 0.999939 0.00530546 2.58826 -0.0123778 -0.00518559 0.99991 0.0697685
0.999759 -0.0194414 0.0102174 73.2215 0.0193122 0.999734 0.0125927 2.62256 -0.0104595 -0.0123923 0.999869 0.0738368
0.999373 -0.0251077 0.0249785 73.737 0.0249084 0.999656 0.00826119 2.61362 -0.0251773 -0.00763383 0.999654 0.0698575
0.999695 0.0156465 0.0191324 74.2637 -0.0160209 0.99968 0.0195705 2.62286 -0.0188201 -0.0198711 0.999625 0.0820311
0.983503 0.179675 0.0209252 74.4291 -0.180265 0.983133 0.0308844 2.54808 -0.0150231 -0.034147 0.999304 0.078481
0.970342 0.241688 0.00493894 74.9156 -0.241718 0.970321 0.00703437 2.40707 -0.00309223 -0.00801957 0.999963 0.0740493
0.976159 0.216849 0.00952007 75.4956 -0.217004 0.975954 0.0205603 2.27982 -0.00483267 -0.0221361 0.999743 0.0688621
0.978185 0.207622 0.0068724 76.0481 -0.207514 0.978134 -0.0138243 2.13264 -0.00959236 0.0120966 0.999881 0.102527
0.978335 0.20695 0.00564723 76.5921 -0.206942 0.978351 -0.00184903 1.9928 -0.00590763 0.00064032 0.999982 0.101445
0.979914 0.19935 0.00523324 77.1332 -0.199256 0.979836 -0.0147531 1.8746 -0.00806875 0.013414 0.999877 0.1188
0.979859 0.198666 0.0201981 77.7076 -0.199056 0.979794 0.0195199 1.80111 -0.015912 -0.0231473 0.999605 0.119608
0.956007 0.292936 0.0154799 78.2089 -0.293202 0.955856 0.0192648 1.63513 -0.00915319 -0.022956 0.999695 0.131106
0.954006 0.299423 0.0147726 78.7468 -0.299434 0.954116 -0.00150245 1.43627 -0.0145446 -0.00299008 0.99989 0.135106
0.940062 0.340648 0.015595 79.2288 -0.340711 0.940167 0.00151145 1.25876 -0.014147 -0.00673425 0.999877 0.136229
0.938567 0.344498 0.0203482 79.6909 -0.344492 0.938781 -0.00390243 1.06206 -0.0204469 -0.00334711 0.999785 0.153092
0.936952 0.348989 0.0181049 80.1597 -0.348704 0.937076 -0.0171179 0.849592 -0.0229396 0.00972542 0.99969 0.143376
0.867774 0.496442 0.0226768 80.3928 -0.496235 0.868069 -0.0143849 0.697726 -0.0268263 0.00122983 0.999639 0.1537
0.792666 0.609548 0.0115193 80.6478 -0.609632 0.792662 0.00597851 0.505986 -0.00548669 -0.0117615 0.999916 0.170941
0.728361 0.684765 -0.0242261 80.7436 -0.685032 0.728502 -0.00401841 0.285232 0.0148971 0.0195225 0.999698 0.177107
0.639101 0.768626 -0.0276514 80.9423 -0.769044 0.639136 -0.0087017 -0.0124537 0.0109847 0.0268264 0.99958 0.17165
0.542439 0.839873 -0.0193315 81.21 -0.840095 0.542278 -0.0132356 -0.469034 -0.000633137 0.0234198 0.999726 0.171325
0.396591 0.917993 -0.00223853 81.3161 -0.917975 0.396566 -0.00753732 -0.71318 -0.00603148 0.00504415 0.999969 0.186208
0.400005 0.916006 -0.030471 81.4743 -0.916483 0.400039 -0.00523547 -1.2457 0.00739386 0.0300203 0.999522 0.203812
0.3985 0.915677 -0.0522794 81.6141 -0.916971 0.398948 -0.00202208 -1.72544 0.0190052 0.0487445 0.99863 0.242129
0.34397 0.937234 -0.0572456 81.7432 -0.938944 0.343859 -0.0120843 -2.22667 0.00835858 0.057907 0.998287 0.241895
0.262656 0.9621 -0.0733144 81.733 -0.964548 0.263826 0.00657914 -2.43891 0.025672 0.0689872 0.997287 0.272181
0.149179 0.987793 -0.0448484 81.7746 -0.988659 0.149797 0.0107292 -2.76393 0.0173163 0.0427391 0.998936 0.277737
0.104087 0.993143 -0.0532296 81.77 -0.994064 0.10559 0.0262354 -3.25697 0.031676 0.0501828 0.998238 0.317018
0.0204792 0.998631 -0.048139 81.7322 -0.999016 0.0223344 0.0383221 -3.5104 0.0393448 0.0473069 0.998105 0.31668
0.0107363 0.998832 -0.047101 81.7211 -0.998484 0.0132517 0.0534224 -3.85156 0.0539842 0.0464561 0.997461 0.339944
0.00885878 0.999411 -0.0331442 81.6878 -0.999252 0.010095 0.0373177 -4.34219 0.0376303 0.0327888 0.998754 0.350705
0.0175473 0.999655 -0.0195445 81.7243 -0.999723 0.017849 0.0153679 -4.86341 0.0157115 0.0192694 0.999691 0.376092
0.0133592 0.999405 -0.0318104 81.6995 -0.999707 0.0139918 0.0197453 -5.41014 0.0201787 0.0315373 0.999299 0.379304
0.0144643 0.99945 -0.0298415 81.7038 -0.99971 0.0150296 0.0188054 -5.98574 0.0192435 0.0295608 0.999378 0.386498
0.0158843 0.999401 -0.0307539 81.7079 -0.999781 0.0162952 0.0131556 -6.49001 0.0136488 0.0305382 0.99944 0.386645
0.0216032 0.999208 -0.0334072 81.7164 -0.999725 0.0218949 0.00839018 -7.04452 0.00911499 0.0332168 0.999407 0.41868
0.0196066 0.999719 -0.0132931 81.7548 -0.999807 0.0196254 0.00128354 -7.5517 0.00154406 0.0132654 0.999911 0.438861
0.00667126 0.999749 -0.0213883 81.7515 -0.999974 0.00661487 -0.00270646 -8.12942 -0.0025643 0.0214058 0.999768 0.449232
-0.041086 0.999064 -0.0135338 81.7456 -0.999155 -0.0410909 -8.90368e-05 -8.66998 -0.000645069 0.0135187 0.999908 0.457027
-0.081661 0.996422 -0.0217759 81.7017 -0.996652 -0.0815538 0.00576992 -9.21301 0.00397338 0.0221741 0.999746 0.475644
-0.081 0.996422 -0.0241288 81.6442 -0.996658 -0.0807146 0.0125807 -9.79681 0.0105881 0.0250672 0.99963 0.497067
-0.0791955 0.996425 -0.0294209 81.5922 -0.996859 -0.0791443 0.00290068 -10.4071 0.000561811 0.0295582 0.999563 0.475232
-0.0755498 0.99665 -0.0313185 81.5342 -0.997142 -0.0755194 0.00215514 -10.921 -0.000217237 0.0313918 0.999507 0.51369
-0.0723341 0.996401 -0.0441831 81.4987 -0.997367 -0.0720285 0.00847166 -11.4368 0.00525873 0.0446795 0.998988 0.528514
-0.0338274 0.998671 -0.0388814 81.481 -0.999339 -0.0332808 0.0146195 -12.0297 0.0133061 0.0393502 0.999137 0.555338
-0.0270951 0.999409 -0.0211345 81.4872 -0.999553 -0.0268203 0.013179 -12.6299 0.0126044 0.0214822 0.99969 0.563238
-0.0235541 0.999471 -0.0224268 81.4712 -0.999718 -0.0234808 0.00352708 -13.1414 0.00299862 0.0225035 0.999742 0.570888
-0.034448 0.99891 -0.0314901 81.4432 -0.999405 -0.0344798 -0.000468712 -13.7201 -0.00155397 0.0314552 0.999504 0.587094
-0.0332413 0.999158 -0.0240511 81.4387 -0.99943 -0.0330887 0.00671415 -14.3326 0.00591268 0.0242606 0.999688 0.60991
-0.0207982 0.99957 -0.0206878 81.4254 -0.999668 -0.0204765 0.0156425 -14.8704 0.0152121 0.0210063 0.999664 0.641899
-0.0366137 0.999201 -0.0160528 81.4034 -0.999228 -0.0363767 0.0148176 -15.4589 0.0142218 0.016583 0.999761 0.676777
-0.0302334 0.998962 -0.0340652 81.3862 -0.999488 -0.0305699 -0.00939961 -16.0291 -0.0104312 0.0337636 0.999375 0.66564
-0.0211638 0.999441 -0.0258697 81.365 -0.999759 -0.0213068 -0.00526497 -16.5817 -0.00581323 0.0257521 0.999651 0.682013
-0.0212142 0.99976 -0.00541118 81.3859 -0.999745 -0.0211716 0.00782735 -17.1689 0.00771091 0.00557586 0.999955 0.692292
-0.030215 0.999268 -0.0234477 81.3424 -0.999405 -0.0298114 0.0173727 -17.8013 0.016661 0.0239587 0.999574 0.729159
-0.0448323 0.998294 -0.037412 81.293 -0.99893 -0.0452228 -0.00965542 -18.3103 -0.0113308 0.0369391 0.999253 0.729507
-0.0343213 0.999088 -0.0254106 81.3279 -0.999406 -0.0342323 0.00393029 -18.9186 0.00305684 0.0255304 0.999669 0.722645
-0.0221998 0.999624 -0.0161112 81.3135 -0.999753 -0.0222051 -0.00014668 -19.4687 -0.000504376 0.016104 0.99987 0.735543
-0.0351969 0.998756 -0.0353358 81.2691 -0.999373 -0.0353139 -0.00269366 -20.0764 -0.00393815 0.0352189 0.999372 0.758554
-0.0368726 0.998547 -0.0392902 81.2315 -0.999207 -0.0362479 0.0164954 -20.6725 0.0150473 0.0398672 0.999092 0.774685
-0.0316923 0.999055 -0.0297523 81.2148 -0.999493 -0.0317678 -0.00206742 -21.2968 -0.00301063 0.0296717 0.999555 0.776494
-0.0483276 0.998758 -0.012135 81.212 -0.998796 -0.0484252 -0.007887 -21.9092 -0.00846484 0.0117392 0.999895 0.804363
-0.0214558 0.99975 -0.00634744 81.2121 -0.999761 -0.0214292 0.00423161 -22.4264 0.00409453 0.00643672 0.999971 0.813039
-0.0178546 0.999784 -0.0106565 81.1945 -0.999839 -0.0178346 0.00196842 -23.0629 0.00177794 0.0106899 0.999941 0.822729
-0.0337374 0.999274 -0.0176795 81.1613 -0.9994 -0.0338689 -0.00718845 -23.6867 -0.00778202 0.0174264 0.999818 0.843386
-0.0255857 0.999559 -0.0150504 81.1598 -0.999654 -0.0254914 0.00642758 -24.2274 0.00604109 0.0152096 0.999866 0.860401
-0.0217732 0.999711 -0.01016 81.1492 -0.999763 -0.0217636 0.0010555 -24.7961 0.000834074 0.0101806 0.999948 0.869685
-0.0354651 0.998993 -0.0274669 81.1083 -0.999371 -0.0354412 0.00135623 -25.4025 0.000381403 0.0274977 0.999622 0.894522
-0.0294286 0.999142 -0.0291442 81.0807 -0.99943 -0.028929 0.0174188 -25.96 0.0165607 0.0296402 0.999423 0.90772
-0.0260209 0.999533 -0.0160295 81.0845 -0.999659 -0.0259856 0.00240431 -26.5468 0.00198665 0.0160866 0.999869 0.9103
-0.0391935 0.998751 -0.0309765 81.0565 -0.999215 -0.0393506 -0.00447791 -27.1851 -0.00569126 0.0307767 0.99951 0.923487
-0.0367754 0.99909 -0.0216193 80.9962 -0.999255 -0.0365101 0.01254 -27.8387 0.0117393 0.0220644 0.999688 0.93714
-0.0243885 0.999565 -0.0165994 81.0214 -0.999698 -0.0244347 -0.00258676 -28.4106 -0.00299124 0.0165313 0.999859 0.943466
-0.0320324 0.999367 -0.0154663 81.0052 -0.99947 -0.0321171 -0.00525838 -29.0112 -0.00575178 0.0152897 0.999867 0.97026
-0.0379602 0.998402 -0.0418579 80.952 -0.999209 -0.0384197 -0.0102292 -29.5502 -0.011821 0.0414365 0.999071 0.976552
-0.0334118 0.999059 -0.0276645 80.9471 -0.999407 -0.0331672 0.00925399 -30.0906 0.00832773 0.0279573 0.999574 0.977647
-0.0249729 0.999496 -0.0195736 80.9554 -0.999685 -0.025016 -0.00195733 -30.6143 -0.002446 0.0195186 0.999807 0.982768
-0.0336056 0.999263 -0.0185384 80.9378 -0.999431 -0.0335461 0.00351262 -31.2095 0.00288814 0.0186459 0.999822 0.992626
-0.0357586 0.999329 -0.00787607 80.941 -0.999331 -0.0358166 -0.00734876 -31.7281 -0.00762593 0.00760802 0.999942 0.999014
-0.0303645 0.999494 -0.00951344 80.9438 -0.999531 -0.0303245 0.00431785 -32.2436 0.00402717 0.00964009 0.999945 1.00757
-0.0254558 0.99964 -0.00845093 80.9126 -0.999676 -0.0254593 -0.000311393 -32.778 -0.000526436 0.00844026 0.999964 1.02843
-0.0251663 0.99961 -0.0121324 80.9108 -0.999678 -0.0251258 0.00347546 -33.283 0.00316926 0.012216 0.99992 1.03292
-0.0287176 0.99925 -0.0259727 80.8595 -0.999587 -0.028729 -6.62564e-05 -33.8896 -0.000812375 0.02596 0.999663 1.03141
-0.0310319 0.999077 -0.0296989 80.8515 -0.999504 -0.0308597 0.00623847 -34.5012 0.00531622 0.0298777 0.999539 1.03987
-0.0391847 0.99827 -0.0438326 80.7825 -0.999225 -0.0389817 0.00547617 -35.0773 0.00375803 0.0440132 0.999024 1.06598
-0.00457834 0.999488 -0.0316788 80.8 -0.999977 -0.00442006 0.00506482 -35.6831 0.0049222 0.0317012 0.999485 1.05797
0.013169 0.99985 -0.0112919 80.8612 -0.999871 0.0132712 0.00902599 -36.2669 0.00917449 0.0111716 0.999896 1.07914
0.0147323 0.99981 -0.0127661 80.8588 -0.99989 0.0147097 -0.00186168 -36.8672 -0.00167354 0.0127921 0.999917 1.08045
-0.00187348 0.99964 -0.0267467 80.8381 -0.999957 -0.00211592 -0.00903914 -37.4428 -0.00909248 0.0267286 0.999601 1.10038
-0.0042258 0.998647 -0.0518306 80.8081 -0.999977 -0.00449499 -0.00507813 -38.0707 -0.00530424 0.051808 0.998643 1.10664
0.0379752 0.997613 -0.0576768 80.8194 -0.999271 0.0376783 -0.00622616 -38.6098 -0.00403813 0.0578712 0.998316 1.11256
0.0422408 0.99892 -0.0193516 80.8919 -0.999095 0.0421363 -0.00577644 -39.1821 -0.00495479 0.0195781 0.999796 1.12039
0.0399386 0.999096 -0.0145942 80.9346 -0.999177 0.0400363 0.00646719 -39.6817 0.00704564 0.0143239 0.999873 1.12713
0.0368038 0.999202 -0.0155288 80.9491 -0.999315 0.0368594 0.00330936 -40.194 0.0038791 0.0153963 0.999874 1.12991
0.0351217 0.998689 -0.0372283 80.9498 -0.999363 0.0353318 0.0050005 -40.7133 0.00630929 0.037029 0.999294 1.13623
0.0394821 0.999082 -0.0166495 81.0223 -0.99908 0.0397498 0.0160682 -41.226 0.0167153 0.0159998 0.999732 1.15696
0.159616 0.986516 -0.036187 81.0407 -0.986801 0.160463 0.0218203 -41.3748 0.0273328 0.0322265 0.999107 1.15614
0.251503 0.967523 -0.0254205 81.1536 -0.967144 0.252239 0.0317456 -41.6218 0.0371266 0.0166012 0.999173 1.16394
0.337951 0.941123 -0.00876284 81.3269 -0.940546 0.338052 0.0330732 -42.0585 0.0340882 -0.00293527 0.999415 1.17115
0.341732 0.939509 -0.0232876 81.5258 -0.939313 0.342246 0.0236483 -42.6193 0.0301879 0.013793 0.999449 1.18973
0.346522 0.937746 -0.0235662 81.7263 -0.937961 0.346713 0.00440598 -43.1673 0.0123024 0.0205774 0.999713 1.21063
0.3468 0.937938 0.00126161 81.963 -0.937938 0.346802 -0.00118982 -43.7175 -0.0015535 -0.000770685 0.999998 1.22049
0.349702 0.93681 -0.00982416 82.1437 -0.936861 0.349676 -0.0043001 -44.2284 -0.000593104 0.0107076 0.999942 1.23911
0.340382 0.940232 -0.0102065 82.2946 -0.940159 0.340494 0.0128088 -44.5881 0.0155185 0.00523584 0.999866 1.25215
0.336459 0.941316 -0.0268378 82.3195 -0.941215 0.337063 0.0224474 -44.6915 0.0301761 0.0177075 0.999388 1.24632
0.339018 0.940385 -0.0272469 82.4515 -0.9402 0.339684 0.0252704 -45.047 0.0330193 0.0170504 0.999309 1.27115
0.378314 0.925194 -0.0299189 82.5201 -0.925199 0.37896 0.0199181 -45.1815 0.0297662 0.0201456 0.999354 1.2669
0.529222 0.848257 -0.0195659 82.6115 -0.848032 0.529552 0.0203804 -45.2724 0.027649 0.00580675 0.999601 1.26933
0.635279 0.772039 -0.0194137 82.7439 -0.771757 0.635573 0.020916 -45.4151 0.0284868 0.00169519 0.999593 1.27593
0.75853 0.651258 -0.0222752 82.8951 -0.651076 0.758852 0.015617 -45.5312 0.0270743 0.00265691 0.99963 1.27689
0.850151 0.525676 -0.0301152 83.0072 -0.525638 0.850652 0.00981665 -45.5863 0.0307779 0.00748404 0.999498 1.28398
0.916619 0.398922 -0.0259176 83.1609 -0.398949 0.916963 0.0043338 -45.6611 0.0254944 0.00636738 0.999655 1.29833
0.944618 0.328056 -0.00875921 83.6619 -0.327896 0.94458 0.0158742 -45.8106 0.0134814 -0.0121229 0.999836 1.28712
0.946051 0.323665 -0.0151094 84.1805 -0.323576 0.946168 0.00806824 -45.9851 0.0169074 -0.00274393 0.999853 1.30486
0.948128 0.317585 -0.0138924 84.7422 -0.31736 0.948166 0.0162806 -46.1505 0.0183428 -0.0110272 0.999771 1.32
0.982926 0.18391 -0.00577153 85.0938 -0.183804 0.982843 0.0153235 -46.179 0.00849065 -0.014001 0.999866 1.33784
0.995373 0.0947322 -0.0160454 85.6104 -0.094411 0.995338 0.0197153 -46.2154 0.0178383 -0.0181092 0.999677 1.34331
0.995774 0.0917009 -0.00503833 86.1383 -0.0916439 0.995736 0.010565 -46.2691 0.00598566 -0.0100586 0.999931 1.3537
0.995349 0.0960446 -0.00747437 86.6901 -0.0959422 0.995302 0.0130315 -46.3041 0.00869087 -0.0122538 0.999887 1.35561
0.995314 0.0966884 -0.000951633 87.2333 -0.096677 0.99528 0.00848016 -46.3711 0.00176707 -0.00834843 0.999964 1.36864
0.995428 0.0953998 0.00470588 87.7997 -0.0953996 0.995439 -0.000272017 -46.4143 -0.00471037 -0.000178166 0.999989 1.38021
0.9743 0.225139 0.00721774 88.1725 -0.22516 0.97432 0.00213064 -46.5092 -0.00655269 -0.00370103 0.999972 1.38751
0.917457 0.397806 -0.00484746 88.2984 -0.39781 0.917468 6.44617e-05 -46.5986 0.00447303 0.00186923 0.999988 1.39611
0.844312 0.53584 0.00363757 88.4786 -0.535798 0.844112 0.0198719 -46.7216 0.00757762 -0.0187271 0.999796 1.39786
0.745144 0.666902 0.00145599 88.6807 -0.666756 0.744933 0.0225981 -46.8912 0.0139861 -0.0178097 0.999744 1.41263
0.622458 0.782602 -0.0089841 88.6537 -0.782607 0.622505 0.00368825 -46.9704 0.00847908 0.00473525 0.999953 1.40714
0.467228 0.883883 -0.0211778 88.5639 -0.884051 0.467383 0.00275942 -46.9757 0.0123371 0.0174329 0.999772 1.40189
0.428384 0.902713 -0.0399622 88.7511 -0.903058 0.429236 0.0155562 -47.4301 0.031196 0.0294242 0.99908 1.4135
0.431343 0.901398 -0.0377386 88.9492 -0.90203 0.431672 0.000639332 -47.8994 0.016867 0.0337656 0.999287 1.43765
0.425581 0.904177 -0.0366799 89.0757 -0.904567 0.426198 0.0106897 -48.2235 0.0252983 0.0286301 0.99927 1.449
0.429732 0.901966 -0.0422828 88.9933 -0.901676 0.431145 0.0330815 -48.1075 0.0480684 0.0239092 0.998558 1.44973
0.427948 0.903628 -0.0178212 88.9715 -0.903202 0.428299 0.0280466 -48.0247 0.0329765 0.0040937 0.999448 1.45104
0.420955 0.907002 -0.0120096 89.1395 -0.906792 0.421118 0.0197135 -48.4138 0.0229376 0.0025917 0.999734 1.44699
0.417354 0.908364 -0.026273 89.1742 -0.90803 0.417997 0.0275494 -48.5484 0.0360069 0.0123588 0.999275 1.46013
0.420006 0.906746 -0.0375184 89.198 -0.906629 0.421067 0.0269401 -48.6396 0.0402256 0.0227003 0.998933 1.45691
0.418906 0.907706 -0.0242611 89.3283 -0.907193 0.419517 0.0317204 -48.8905 0.0389707 0.0087216 0.999202 1.47434
0.416003 0.908606 -0.0370935 89.5264 -0.909067 0.416562 0.00852497 -49.3777 0.0231976 0.030174 0.999275 1.47015
0.334556 0.94162 -0.0377373 89.6396 -0.942299 0.334772 -0.000612605 -49.7739 0.0120565 0.0357647 0.999288 1.48257
0.245976 0.968749 -0.0319628 89.682 -0.969093 0.246436 0.0113188 -49.922 0.0188419 0.0281907 0.999425 1.48744
0.243363 0.969169 -0.0385514 89.7971 -0.969674 0.244028 0.0135384 -50.4012 0.0225287 0.0340875 0.999165 1.49989
0.182706 0.982771 -0.0279247 89.832 -0.982917 0.183227 0.0173647 -50.6467 0.022182 0.0242751 0.999459 1.49659
0.181509 0.982507 -0.0416458 89.9097 -0.983257 0.182016 0.00869176 -51.1552 0.0161199 0.0393709 0.999095 1.50644
0.181642 0.982959 -0.0282372 90.0102 -0.983292 0.181903 0.00692918 -51.6414 0.0119475 0.0265068 0.999577 1.51238
0.323595 0.94581 -0.0270046 90.1094 -0.946095 0.323846 0.00538168 -51.8011 0.0138354 0.0238074 0.999621 1.51794
0.487726 0.872959 -0.00805323 90.163 -0.872888 0.48779 0.0112601 -51.7619 0.0137579 0.00153773 0.999904 1.52203
0.628244 0.777952 -0.010015 90.1849 -0.777711 0.628307 0.0199116 -51.7132 0.0217827 -0.00472053 0.999752 1.5237
0.756375 0.654045 -0.01107 90.2133 -0.653756 0.756403 0.0214089 -51.6623 0.0223758 -0.00895613 0.99971 1.51689
0.862658 0.505701 -0.00940773 90.2168 -0.505342 0.862529 0.0259398 -51.6002 0.0212322 -0.0176231 0.999619 1.51511
0.936104 0.351313 -0.0170135 90.1987 -0.350536 0.935822 0.0369085 -51.5381 0.028888 -0.0285863 0.999174 1.50974
0.984508 0.174717 -0.0147834 90.177 -0.174207 0.984231 0.0306885 -51.4931 0.019912 -0.0276377 0.99942 1.51395
0.999824 -0.0106746 -0.0154534 90.1436 0.0112157 0.999312 0.0353573 -51.4402 0.0150654 -0.0355244 0.999255 1.51128
0.983335 -0.179332 -0.0298692 90.1076 0.18059 0.982448 0.0467307 -51.3898 0.0209646 -0.051346 0.998461 1.51408
0.947454 -0.319293 -0.0195455 90.0886 0.319838 0.946639 0.0397375 -51.3636 0.00581461 -0.0439009 0.999019 1.51612
0.879964 -0.473799 -0.0343141 90.0544 0.474907 0.879126 0.0400136 -51.3471 0.011208 -0.0515066 0.99861 1.51305
0.805101 -0.592786 -0.0204323 90.0197 0.593136 0.804696 0.0255644 -51.3409 0.00128762 -0.032701 0.999464 1.5119
0.708606 -0.704984 -0.0295795 90.0044 0.705537 0.708493 0.0159566 -51.3298 0.00970772 -0.0321764 0.999435 1.51516
0.590394 -0.806522 -0.0309331 89.9721 0.806873 0.590723 -0.00189288 -51.3502 0.0197995 -0.0238415 0.99952 1.51397
0.545892 -0.837846 -0.00410563 90.0572 0.837847 0.545902 -0.00192196 -51.2337 0.00385158 -0.00239071 0.99999 1.51102
0.541263 -0.840814 -0.00809226 90.3179 0.840809 0.541111 0.0154829 -50.8083 -0.00863948 -0.0151844 0.999847 1.50372
0.497553 -0.86742 -0.00474121 90.5531 0.867125 0.497223 0.0293845 -50.3484 -0.0231313 -0.0187316 0.999557 1.50094
0.402585 -0.915351 0.00767103 90.6873 0.914906 0.402631 0.0288916 -50.0742 -0.0295345 -0.00461304 0.999553 1.50925
0.396432 -0.918062 0.00221043 90.8833 0.917712 0.396345 0.0267383 -49.6083 -0.0254235 -0.00857138 0.99964 1.49802
0.517354 -0.85577 -0.00154881 91.1188 0.855367 0.517053 0.0316762 -49.1635 -0.0263067 -0.0177126 0.999497 1.49676
0.588629 -0.808383 0.0057096 91.4187 0.808075 0.588577 0.0243259 -48.752 -0.0230252 -0.00970519 0.999688 1.49176
0.700996 -0.713104 0.0093753 91.5951 0.712629 0.700917 0.0295846 -48.5898 -0.0276682 -0.0140576 0.999518 1.48704
0.806431 -0.591286 0.0070272 91.7019 0.590952 0.806285 0.0260814 -48.5577 -0.0210875 -0.0168801 0.999635 1.49139
0.886076 -0.463321 0.0142333 92.1348 0.463054 0.886135 0.0185727 -48.2917 -0.0212178 -0.00986604 0.999726 1.49531
0.937728 -0.347307 0.00662764 92.5557 0.347213 0.937706 0.0122573 -48.17 -0.0104718 -0.00919279 0.999903 1.47747
0.985156 -0.171541 0.00649429 92.7567 0.171493 0.985158 0.0073386 -48.1731 -0.00765678 -0.00611593 0.999952 1.47729
0.988884 -0.148684 -0.00152146 93.2745 0.14869 0.988868 0.00553613 -48.0882 0.000681389 -0.00570081 0.999984 1.48475
0.990069 -0.140421 0.00671878 93.8188 0.140466 0.990062 -0.00683755 -48.0369 -0.00569188 0.00771341 0.999954 1.49036
0.99644 -0.084304 -0.000788363 94.3196 0.0842761 0.996279 -0.0180646 -47.9983 0.00230835 0.0179339 0.999837 1.49626
0.994513 -0.104111 0.0101999 94.825 0.104255 0.994442 -0.0147039 -47.9886 -0.00861232 0.0156866 0.99984 1.50413
0.992968 -0.118382 0.000413346 95.3731 0.118356 0.992662 -0.0247967 -47.9478 0.00252518 0.0246713 0.999692 1.50902
0.994006 -0.109239 0.00429434 95.9302 0.109268 0.993986 -0.00726678 -47.8755 -0.0034747 0.00769246 0.999964 1.5093
0.999918 -0.0121949 0.00393897 96.3326 0.012155 0.999876 0.00999384 -47.8825 -0.00406035 -0.00994514 0.999942 1.52228
0.999933 -0.00937072 0.00672621 96.929 0.00937145 0.999956 -7.6614e-05 -47.8437 -0.0067252 0.000139643 0.999977 1.5152
0.999953 -0.00878091 -0.00421432 97.5095 0.00875129 0.999937 -0.00699757 -47.847 0.0042755 0.00696035 0.999967 1.52013
0.999938 -0.0101103 0.00470913 98.0869 0.0101387 0.99993 -0.00606092 -47.8488 -0.00464753 0.00610829 0.999971 1.53036
0.999829 -0.00801575 0.0166883 98.7287 0.00830771 0.999812 -0.0175003 -47.8666 -0.0165448 0.0176359 0.999708 1.53941
0.999975 0.00575964 0.00418113 99.3074 -0.00567103 0.999765 -0.0209041 -47.8865 -0.00430054 0.0208799 0.999773 1.55545
0.999632 -0.0133257 0.0236209 99.8224 0.0136289 0.999826 -0.0127212 -47.8653 -0.0234473 0.0130384 0.99964 1.55383
0.99984 -0.00636615 0.0166996 100.406 0.00654849 0.999919 -0.0108871 -47.8554 -0.0166289 0.0109947 0.999801 1.55663
0.999757 0.000446212 0.0220542 100.97 -0.00020938 0.999942 -0.0107398 -47.8614 -0.0220578 0.0107325 0.999699 1.57131
0.999714 -0.01643 0.0174028 101.48 0.0164464 0.999864 -0.000799567 -47.8394 -0.0173873 0.00108555 0.999848 1.57885
0.999688 -0.00462492 0.0245372 102.013 0.00449797 0.999976 0.0052265 -47.8351 -0.0245608 -0.00511451 0.999685 1.5709
0.999871 0.00893312 0.0133302 102.56 -0.00871595 0.99983 -0.0162611 -47.8719 -0.0134732 0.0161429 0.999779 1.56841
0.999736 0.0164338 0.0160572 103.112 -0.0165111 0.999853 0.00469062 -47.8717 -0.0159778 -0.0049545 0.99986 1.60523
0.988983 0.147344 0.0142305 103.62 -0.147524 0.988978 0.0125933 -47.9175 -0.0122181 -0.0145539 0.999819 1.6048
0.99589 0.0903504 0.00629804 104.176 -0.0902396 0.99579 -0.016089 -47.9987 -0.00772518 0.0154546 0.999851 1.58868
0.998593 0.0512837 -0.0134605 104.68 -0.0517624 0.997936 -0.0380172 -48.0519 0.011483 0.0386605 0.999186 1.60744
0.985766 0.168047 0.00512875 104.978 -0.167838 0.985405 -0.0284064 -48.1132 -0.00982752 0.0271413 0.999583 1.59182
0.967163 0.253857 -0.0123362 105.235 -0.254081 0.966919 -0.0225963 -48.1924 0.00619189 0.0249887 0.999669 1.59173
0.933892 0.357082 -0.0183846 105.676 -0.357401 0.933765 -0.0186409 -48.367 0.0105106 0.0239793 0.999657 1.60128
0.858511 0.512686 -0.0105892 105.763 -0.512793 0.858254 -0.0210484 -48.4741 -0.00170303 0.0235003 0.999722 1.59654
0.750923 0.659896 -0.0255472 105.78 -0.660374 0.750613 -0.0220506 -48.5476 0.00462498 0.033429 0.99943 1.59671
0.73885 0.67263 -0.0408543 106.16 -0.673388 0.739255 -0.00703422 -48.927 0.0254703 0.0327081 0.99914 1.60598
0.733014 0.67909 -0.0390867 106.519 -0.680129 0.732618 -0.0263703 -49.3154 0.0107278 0.0459138 0.998888 1.60882
0.736403 0.67568 -0.0341741 106.934 -0.676509 0.735937 -0.0270549 -49.7338 0.0068696 0.0430424 0.99905 1.61891
0.629871 0.776437 -0.0201845 107.218 -0.776638 0.629935 -0.00381118 -50.0502 0.00975576 0.0180766 0.999789 1.63403
0.555279 0.831243 -0.026472 107.486 -0.831638 0.555235 -0.00965135 -50.5425 0.00667555 0.0273743 0.999603 1.63889
0.54817 0.83587 -0.0288221 107.748 -0.836356 0.547663 -0.0239648 -50.9695 -0.00424672 0.0372423 0.999297 1.64286
0.39362 0.919041 -0.0206707 107.866 -0.919178 0.393156 -0.0232507 -51.2684 -0.0132415 0.0281519 0.999516 1.65809
0.272393 0.961731 -0.0295849 107.943 -0.962168 0.27207 -0.0144969 -51.6877 -0.00589294 0.0324145 0.999457 1.6641
0.2656 0.963704 -0.0270427 108.098 -0.964078 0.265398 -0.0108566 -52.2316 -0.00328545 0.0289547 0.999575 1.68279
0.126208 0.991856 -0.0171104 108.151 -0.991966 0.126034 -0.0108934 -52.6592 -0.00864817 0.0183477 0.999794 1.68329
0.0969251 0.993743 -0.0555004 108.124 -0.995287 0.0965954 -0.008598 -53.2178 -0.00318311 0.0560722 0.998422 1.69819
0.0960638 0.994408 -0.0438781 108.195 -0.995362 0.0957442 -0.0093321 -53.7544 -0.00507884 0.044571 0.998993 1.70962
0.100659 0.993382 -0.0553241 108.197 -0.99492 0.100448 -0.00658967 -54.312 -0.000988862 0.0557064 0.998447 1.70885
0.104238 0.994268 -0.0237986 108.29 -0.994536 0.104345 0.00328312 -54.8277 0.00574756 0.0233263 0.999711 1.72812
-0.0705389 0.997231 -0.0235545 108.236 -0.997477 -0.0707076 -0.00640701 -55.3171 -0.00805475 0.0230431 0.999702 1.73467
-0.132124 0.990965 -0.023075 108.16 -0.991232 -0.132122 0.00160907 -55.8591 -0.00145418 0.0230852 0.999732 1.74487
-0.226935 0.973602 -0.0244837 108.043 -0.973908 -0.226918 0.00350266 -56.2628 -0.00214558 0.0246397 0.999694 1.75258
-0.393601 0.91828 -0.0428855 107.901 -0.919241 -0.393594 0.00897162 -56.4015 -0.00864101 0.0429534 0.99904 1.74957
-0.497723 0.86602 -0.0477585 107.642 -0.867336 -0.496945 0.0278179 -56.86 0.000357509 0.0552683 0.998471 1.75547
-0.63671 0.769768 -0.0453599 107.527 -0.771019 -0.636408 0.0226821 -56.9354 -0.0114074 0.0494152 0.998713 1.75626
-0.723637 0.688902 -0.0419905 107.315 -0.690165 -0.722698 0.0371636 -57.0657 -0.00474429 0.0558733 0.998427 1.75862
